1,143.69522094726562,238.34274291992188,157.13278198242188,259.6106872558594,0.7900403141975403
2,143.59243774414062,237.78598022460938,157.15060424804688,259.4324035644531,0.7554659843444824
3,144.70697021484375,236.39303588867188,158.31829833984375,258.0924072265625,0.7711451053619385
4,144.87710571289062,236.3616943359375,158.44674682617188,257.91583251953125,0.7606996297836304
5,146.35128784179688,236.234130859375,159.66488647460938,257.7940673828125,0.6495091319084167
6,147.46066284179688,235.652587890625,161.38198852539062,257.12774658203125,0.6466739773750305
7,148.18490600585938,235.46627807617188,162.35983276367188,256.7777099609375,0.6367923617362976
8,148.70449829101562,235.65872192382812,162.84799194335938,257.1604309082031,0.7391340136528015
9,149.30865478515625,235.80865478515625,163.98519897460938,257.4140319824219,0.7655891180038452
10,149.4299774169922,235.46188354492188,163.9756317138672,257.3067932128906,0.6544395685195923
21,155.600830078125,229.5714111328125,170.32830810546875,252.173095703125,0.47822779417037964
22,155.1953582763672,229.45880126953125,170.60105895996094,253.43301391601562,0.546739935874939
26,157.610595703125,229.50991821289062,171.8990478515625,252.83261108398438,0.6546254754066467
27,157.64291381835938,229.53607177734375,171.70355224609375,252.8994140625,0.7062486410140991
28,158.28182983398438,229.81900024414062,172.49496459960938,252.95263671875,0.5802175402641296
29,158.10887145996094,229.80288696289062,172.3884735107422,252.91384887695312,0.5743696093559265
31,159.44039916992188,228.44345092773438,174.3687744140625,251.279052734375,0.7652846574783325
32,159.21926879882812,228.7296142578125,173.66146850585938,250.7872314453125,0.6287134289741516
33,159.66526794433594,228.15887451171875,174.2896270751953,250.5072021484375,0.6682482957839966
34,160.172119140625,227.04623413085938,175.67987060546875,247.48599243164062,0.6561284065246582
35,160.05157470703125,226.90496826171875,175.81146240234375,247.620849609375,0.6390604376792908
36,161.44862365722656,224.35218811035156,177.99351501464844,246.1339874267578,0.6768845319747925
37,161.72085571289062,224.3648681640625,178.03363037109375,245.72357177734375,0.6118844151496887
38,161.81668090820312,224.29598999023438,177.53244018554688,246.08639526367188,0.6574605107307434
39,162.9589385986328,223.449951171875,178.9514923095703,245.21661376953125,0.4788318872451782
40,163.47369384765625,224.20782470703125,179.79043579101562,246.00152587890625,0.6441874504089355
41,164.50457763671875,224.71360778808594,179.8328857421875,246.19093322753906,0.4763146638870239
42,164.67372131347656,224.74386596679688,179.77146911621094,246.45199584960938,0.5277754068374634
43,165.18319702148438,224.3250732421875,180.1463623046875,246.53466796875,0.4498060643672943
44,165.13050842285156,224.3964385986328,180.2118377685547,246.5904998779297,0.45145368576049805
45,164.7694091796875,222.73028564453125,180.73870849609375,246.30838012695312,0.2908533811569214
46,164.94473266601562,222.88687133789062,180.90435791015625,246.329833984375,0.30308297276496887
47,165.01573181152344,222.92306518554688,180.78102111816406,246.71713256835938,0.2568475604057312
48,165.0355224609375,222.98226928710938,180.767578125,246.74514770507812,0.3348207175731659
49,165.2769775390625,223.5189208984375,180.579833984375,247.04400634765625,0.30938202142715454
50,165.27117919921875,223.4696502685547,180.5828857421875,247.07579040527344,0.3086352050304413
51,165.76458740234375,223.62026977539062,180.909423828125,247.938232421875,0.29545697569847107
52,165.68634033203125,223.68612670898438,181.02783203125,248.0191650390625,0.2900787889957428
53,165.7482452392578,224.27349853515625,180.4866485595703,248.26043701171875,0.2822532653808594
54,165.99172973632812,224.02841186523438,179.94448852539062,247.95718383789062,0.44104644656181335
55,167.48751831054688,225.15542602539062,179.78750610351562,246.37118530273438,0.4813806116580963
56,167.4779052734375,225.02294921875,179.66192626953125,246.43603515625,0.4714740514755249
57,166.0013427734375,225.08724975585938,179.7423095703125,245.96908569335938,0.6136276721954346
58,166.02117919921875,225.06124877929688,179.0172119140625,245.88424682617188,0.5906357765197754
59,165.55291748046875,224.9677734375,179.0411376953125,245.64678955078125,0.6357790231704712
60,165.47633361816406,224.86962890625,179.0836639404297,245.6373291015625,0.6062832474708557
61,164.70220947265625,224.20310974121094,179.09371948242188,245.52305603027344,0.6102024912834167
62,164.7406005859375,224.17269897460938,179.246337890625,245.51547241210938,0.5895017981529236
63,164.2835693359375,224.37347412109375,178.9603271484375,245.353271484375,0.5844585299491882
64,164.2687530517578,224.38851928710938,178.81346130371094,245.37020874023438,0.5864778757095337
65,164.19906616210938,224.2479248046875,178.6319580078125,245.3243408203125,0.5652661323547363
66,164.0816192626953,224.2768096923828,178.3529815673828,245.40428161621094,0.588183581829071
67,163.90591430664062,224.13223266601562,177.89669799804688,245.49005126953125,0.5775796175003052
68,163.75750732421875,224.1427001953125,177.8865966796875,245.4808349609375,0.6164150834083557
69,163.46224975585938,224.3758087158203,177.76846313476562,245.5548858642578,0.5885470509529114
70,163.02627563476562,225.1124267578125,176.5126953125,246.03509521484375,0.5920661687850952
71,161.91885375976562,224.82186889648438,176.32284545898438,246.84695434570312,0.6510044932365417
72,161.52734375,224.9725799560547,175.66094970703125,246.8429412841797,0.677900493144989
73,160.311279296875,224.6417999267578,174.033447265625,245.7788543701172,0.6193010210990906
74,159.90081787109375,223.60829162597656,173.325927734375,245.50059509277344,0.6344518661499023
75,159.46884155273438,223.32440185546875,173.19638061523438,245.67718505859375,0.6446566581726074
76,159.48553466796875,223.37661743164062,172.88296508789062,245.70089721679688,0.670116126537323
77,158.99472045898438,223.50576782226562,172.63525390625,245.35202026367188,0.6155058741569519
78,157.96702575683594,223.25650024414062,171.9886932373047,245.29940795898438,0.5634351968765259
79,158.06356811523438,223.29815673828125,171.80905151367188,245.35748291015625,0.5264773368835449
80,157.99920654296875,222.21969604492188,171.88262939453125,245.04733276367188,0.4040490984916687
89,154.13690185546875,219.061767578125,169.78509521484375,241.37503051757812,0.3006148338317871
90,154.02206420898438,219.11683654785156,169.62725830078125,240.9211883544922,0.2785261273384094
91,153.71701049804688,218.08447265625,169.27163696289062,240.40673828125,0.25992220640182495
92,153.6844940185547,218.2059326171875,168.92527770996094,240.9012451171875,0.5870067477226257
93,153.56898498535156,217.63955688476562,168.8236846923828,240.76226806640625,0.5489092469215393
94,152.66836547851562,217.5337371826172,168.17880249023438,240.43357849121094,0.6201401948928833
95,152.68304443359375,217.55752563476562,168.18426513671875,240.41818237304688,0.6391396522521973
96,152.272216796875,217.58428955078125,168.1385498046875,240.594482421875,0.5861319303512573
97,151.86300659179688,217.69686889648438,167.546630859375,240.77349853515625,0.5217003226280212
98,151.8841552734375,217.66915893554688,167.33468627929688,240.75955200195312,0.5077035427093506
99,151.25247192382812,218.04922485351562,166.66458129882812,241.64541625976562,0.6239715814590454
100,151.15435791015625,217.92306518554688,166.70071411132812,241.765380859375,0.6277317404747009
101,150.42440795898438,219.6751708984375,165.53189086914062,241.54742431640625,0.5745434761047363
102,150.39157104492188,219.7189483642578,165.392822265625,241.7804718017578,0.6119560599327087
103,149.80184936523438,219.8000030517578,164.54354858398438,241.6159210205078,0.6004089117050171
104,149.12832641601562,219.82382202148438,163.91070556640625,240.58670043945312,0.5356791615486145
105,149.0013885498047,219.752685546875,163.91612243652344,240.71185302734375,0.5746423006057739
106,148.73095703125,219.71063232421875,163.28936767578125,240.9039306640625,0.5647629499435425
107,148.68211364746094,219.74061584472656,162.7260284423828,241.5056610107422,0.6095169186592102
108,148.40969848632812,219.8348388671875,162.38705444335938,241.50054931640625,0.598072350025177
109,147.59140014648438,219.96240234375,162.01815795898438,241.32257080078125,0.6330634355545044
110,147.5454864501953,219.58004760742188,161.7047882080078,240.57119750976562,0.5776484608650208
111,146.98159790039062,219.40850830078125,161.35507202148438,240.3511962890625,0.6278688311576843
112,146.73080444335938,219.55947875976562,160.80416870117188,240.41683959960938,0.6190842986106873
113,146.76795959472656,219.51390075683594,160.7455291748047,240.28590393066406,0.5763885378837585
114,146.6011962890625,219.50665283203125,160.5191650390625,240.1622314453125,0.5799413323402405
115,146.54421997070312,219.09475708007812,160.60476684570312,240.10861206054688,0.6026967167854309
116,146.7589111328125,218.35523986816406,160.66400146484375,239.4934844970703,0.6001851558685303
117,146.66085815429688,217.69467163085938,160.509521484375,239.27243041992188,0.5961466431617737
118,146.55502319335938,216.93365478515625,160.49319458007812,238.229248046875,0.4746319055557251
119,146.72598266601562,216.59039306640625,160.55325317382812,238.19500732421875,0.4514464735984802
120,146.96255493164062,215.90835571289062,160.74093627929688,237.55197143554688,0.4116273522377014
121,147.45620727539062,215.25115966796875,162.01498413085938,237.15899658203125,0.5226538181304932
122,147.5310821533203,214.33840942382812,162.1820526123047,235.53353881835938,0.4675564467906952
123,148.34664916992188,213.28683471679688,164.04135131835938,235.09896850585938,0.5109310746192932
124,148.53604125976562,212.70037841796875,164.00155639648438,233.676025390625,0.49953824281692505
125,148.83944702148438,212.345947265625,164.03726196289062,233.440673828125,0.5565120577812195
126,148.97280883789062,211.45819091796875,164.73849487304688,232.9124755859375,0.4928775429725647
127,148.94277954101562,211.19483947753906,165.17376708984375,232.8535614013672,0.4850986897945404
128,149.025146484375,211.03775024414062,164.85137939453125,232.04910278320312,0.4384826421737671
129,149.0540008544922,211.04017639160156,164.85643005371094,232.0433807373047,0.40179991722106934
130,149.7415771484375,210.1435546875,165.05157470703125,231.320556640625,0.5300022959709167
144,153.8497314453125,198.89105224609375,187.30206298828125,222.13079833984375,0.28404486179351807
146,154.4913330078125,197.83917236328125,187.61886596679688,222.32571411132812,0.2582460641860962
147,154.61639404296875,194.60443115234375,189.3250732421875,221.3756103515625,0.2866186797618866
148,154.86386108398438,194.4703369140625,189.07821655273438,221.2730712890625,0.3250183165073395
149,155.05416870117188,193.87118530273438,189.11569213867188,220.62435913085938,0.3695693612098694
149,154.64248657226562,184.74832153320312,192.05105590820312,220.51327514648438,0.2933584153652191
150,155.1136474609375,194.51243591308594,189.72396850585938,220.55030822753906,0.3719478249549866
150,154.720703125,184.58767700195312,192.33074951171875,220.45913696289062,0.2840326428413391
151,155.90151977539062,193.7718505859375,192.54910278320312,220.7664794921875,0.48099958896636963
152,155.86871337890625,197.88143920898438,179.1357421875,220.57366943359375,0.5701389908790588
153,155.95706176757812,197.3011474609375,178.82650756835938,220.24484252929688,0.6105050444602966
154,155.93692016601562,196.87265014648438,177.72149658203125,219.5006103515625,0.6659108400344849
155,155.94639587402344,196.76495361328125,177.3815155029297,219.4837646484375,0.6789224147796631
156,155.92837524414062,196.5096435546875,180.23873901367188,218.9764404296875,0.6697359681129456
157,156.0170135498047,195.53797912597656,184.95240783691406,219.00865173339844,0.6998888850212097
157,155.4961395263672,188.6790008544922,192.6338348388672,219.20262145996094,0.46130406856536865
158,156.05209350585938,195.18292236328125,186.417724609375,218.50149536132812,0.6777729988098145
158,155.5255126953125,188.23968505859375,192.72335815429688,218.65911865234375,0.48580360412597656
159,156.123046875,193.54598999023438,189.54971313476562,217.63705444335938,0.6782973408699036
159,155.63778686523438,184.64212036132812,193.44412231445312,217.55056762695312,0.5309032797813416
160,156.65914916992188,194.49249267578125,185.75509643554688,216.94851684570312,0.6645382046699524
160,156.19622802734375,185.96588134765625,193.72714233398438,216.783447265625,0.36591970920562744
161,156.36727905273438,195.191650390625,173.68740844726562,216.4814453125,0.6507129669189453
162,156.43338012695312,194.83529663085938,174.0186767578125,216.27487182617188,0.6410338878631592
163,156.47821044921875,194.51388549804688,174.10748291015625,216.30380249023438,0.6379348039627075
164,156.66305541992188,193.49456787109375,175.54971313476562,215.69189453125,0.5990355610847473
165,156.6842041015625,193.125732421875,175.85430908203125,215.5501708984375,0.6182451844215393
166,156.68539428710938,192.68553161621094,177.84683227539062,215.29405212402344,0.5828067660331726
167,156.70703125,192.415283203125,179.033935546875,215.29034423828125,0.5812439322471619
168,156.5263214111328,192.47946166992188,176.20518493652344,214.91387939453125,0.5006217956542969
169,156.52175903320312,191.59217834472656,175.47421264648438,213.91200256347656,0.3601312041282654
171,156.9142608642578,186.37303161621094,189.68067932128906,213.2089385986328,0.30424726009368896
178,157.01182556152344,186.99392700195312,178.51646423339844,210.1978759765625,0.26725536584854126
179,157.327392578125,184.84967041015625,186.17413330078125,209.86541748046875,0.39022791385650635
180,157.4560546875,182.4701690673828,189.3778076171875,208.9822235107422,0.359996497631073
186,158.42996215820312,181.82598876953125,180.17483520507812,205.6456298828125,0.3583836555480957
187,158.75595092773438,180.36004638671875,184.1766357421875,204.712646484375,0.458087295293808
187,158.1181640625,175.04397583007812,192.45501708984375,204.62014770507812,0.30891579389572144
188,159.04542541503906,177.72998046875,189.9120635986328,203.386474609375,0.6533463597297668
189,159.399169921875,177.34463500976562,190.93505859375,203.37857055664062,0.6286084651947021
190,160.00845336914062,175.76815795898438,194.17984008789062,202.88955688476562,0.6322544813156128
191,160.09930419921875,178.45254516601562,184.9373779296875,202.63418579101562,0.5044212341308594
192,160.36187744140625,176.9666748046875,186.88287353515625,202.9781494140625,0.5141730308532715
192,160.30584716796875,173.0395965576172,193.41033935546875,202.88328552246094,0.2644960880279541
193,160.52590942382812,176.0928192138672,189.10702514648438,201.65086364746094,0.34166789054870605
194,161.16024780273438,178.23794555664062,185.77456665039062,200.31503295898438,0.30695009231567383
195,162.49464416503906,177.80352783203125,186.9772491455078,200.39068603515625,0.3139478266239166
198,165.0086669921875,174.2142333984375,192.9615478515625,197.99649047851562,0.3914721608161926
199,166.02706909179688,173.613037109375,194.57083129882812,197.8634033203125,0.3466208875179291
200,166.5676727294922,171.74232482910156,197.31312561035156,197.03224182128906,0.30413126945495605
201,167.439208984375,174.45260620117188,185.88986206054688,196.79470825195312,0.4072079360485077
202,167.7379608154297,173.1909637451172,188.7713165283203,196.46412658691406,0.36107614636421204
210,173.09890747070312,171.7775421142578,192.43521118164062,195.20741271972656,0.27240902185440063
214,174.80191040039062,174.86172485351562,190.49411010742188,195.79501342773438,0.39177125692367554
215,174.8225860595703,174.80160522460938,190.51271057128906,195.79257202148438,0.4283471405506134
216,174.8370361328125,174.784912109375,190.439453125,195.9432373046875,0.4715319573879242
217,174.94976806640625,174.7633514404297,190.52081298828125,196.02281188964844,0.49488934874534607
218,175.02587890625,174.786376953125,190.44918823242188,196.12179565429688,0.5107033252716064
219,175.14724731445312,174.79449462890625,190.69515991210938,196.18707275390625,0.4856107532978058
220,175.09835815429688,175.6544189453125,191.02072143554688,196.45880126953125,0.5022239685058594
221,175.41360473632812,176.0589599609375,193.45639038085938,197.19888305664062,0.3599071800708771
222,175.17120361328125,175.95281982421875,193.6536865234375,198.45587158203125,0.571704626083374
225,173.50527954101562,178.4409637451172,192.27792358398438,199.25563049316406,0.33402934670448303
226,173.1422119140625,178.81719970703125,192.5684814453125,199.75521850585938,0.2637123465538025
227,172.21072387695312,178.96908569335938,192.33456420898438,199.54397583007812,0.37407568097114563
229,171.76788330078125,179.64114379882812,197.31805419921875,201.51751708984375,0.33704063296318054
230,170.94656372070312,180.06808471679688,198.81106567382812,202.25094604492188,0.5621485710144043
254,161.43222045898438,195.84353637695312,183.90402221679688,220.64938354492188,0.2785281836986542
255,161.4659423828125,195.75811767578125,183.2996826171875,220.7091064453125,0.3034924566745758
257,162.02841186523438,195.8284912109375,182.02316284179688,220.17376708984375,0.3438710570335388
258,162.4049072265625,195.75753784179688,181.7191162109375,219.93936157226562,0.35003963112831116
261,164.2667236328125,195.10842895507812,182.44671630859375,219.37347412109375,0.37019792199134827
262,165.55325317382812,194.4791259765625,182.85098266601562,219.08602905273438,0.3093654215335846
263,166.3524169921875,194.45010375976562,184.092529296875,219.51739501953125,0.25230729579925537
267,170.73770141601562,194.02816772460938,188.81509399414062,217.90432739257812,0.32402142882347107
271,174.76214599609375,192.0373077392578,194.9619140625,216.3184356689453,0.4591463804244995
272,176.78140258789062,191.52793884277344,195.81887817382812,214.84019470214844,0.4569992125034332
273,178.19808959960938,189.17242431640625,197.85507202148438,213.6455078125,0.661580502986908
274,179.27255249023438,188.66940307617188,198.087646484375,213.04574584960938,0.5864447951316833
275,179.92990112304688,187.92263793945312,199.1455078125,212.70852661132812,0.4933803081512451
276,180.37680053710938,188.48703002929688,198.83273315429688,212.18142700195312,0.5361329913139343
277,182.6022491455078,187.5174560546875,200.0199737548828,211.9727783203125,0.3976496160030365
278,183.82684326171875,186.647705078125,202.2374267578125,211.83306884765625,0.4607148766517639
279,184.11041259765625,186.5180206298828,202.5079345703125,210.92051696777344,0.5905609726905823
280,184.8079833984375,186.8121795654297,202.95703125,211.4427947998047,0.6140391230583191
281,185.91888427734375,185.83737182617188,204.89852905273438,210.04800415039062,0.7329233288764954
282,185.965576171875,185.80996704101562,204.9249267578125,209.59335327148438,0.6333885192871094
283,187.16748046875,184.28831481933594,206.4803466796875,208.4905548095703,0.4711151123046875
284,187.25881958007812,184.20135498046875,206.77566528320312,208.10894775390625,0.4643939137458801
285,189.6077880859375,182.73455810546875,208.54754638671875,206.0692138671875,0.3177258372306824
286,189.58074951171875,182.3452606201172,209.09014892578125,206.64341735839844,0.3528417646884918
287,191.22076416015625,181.73748779296875,209.0452880859375,204.72537231445312,0.39232513308525085
288,191.59622192382812,181.248291015625,209.44912719726562,204.10198974609375,0.37671369314193726
289,192.7212371826172,180.2864532470703,210.7799835205078,203.27207946777344,0.5123250484466553
290,192.82693481445312,180.05572509765625,211.08712768554688,203.14935302734375,0.5636085271835327
291,194.10626220703125,179.5961151123047,212.0062255859375,203.2119903564453,0.7381337285041809
292,194.2288818359375,179.09249877929688,212.35028076171875,202.6827392578125,0.6760337948799133
293,194.18246459960938,179.41859436035156,212.38906860351562,202.4626007080078,0.6390516757965088
294,194.4013671875,179.39822387695312,212.8123779296875,202.2330322265625,0.5751892328262329
295,194.68666076660156,179.06768798828125,212.88124084472656,201.74765014648438,0.609874427318573
296,194.86135864257812,178.6229248046875,213.47348022460938,201.0657958984375,0.5577755570411682
297,195.15219116210938,178.01461791992188,213.23941040039062,199.84469604492188,0.6718491315841675
298,195.48648071289062,177.800048828125,213.41848754882812,199.89837646484375,0.6474195718765259
299,195.54083251953125,177.45851135253906,212.77716064453125,199.5478973388672,0.6059402227401733
301,195.4365234375,176.33062744140625,214.2515869140625,198.20297241210938,0.37238168716430664
303,196.28421020507812,174.821533203125,214.36300659179688,197.69207763671875,0.32426610589027405
304,196.72927856445312,174.0123291015625,214.88687133789062,196.8951416015625,0.4908030927181244
305,197.02430725097656,173.31179809570312,214.50413513183594,196.90164184570312,0.2850041091442108
306,195.33486938476562,171.44180297851562,212.5439453125,198.00796508789062,0.3038788437843323
307,195.34060668945312,171.02687072753906,212.00393676757812,197.49195861816406,0.4051975905895233
308,195.53594970703125,170.93212890625,212.37347412109375,197.35272216796875,0.3842369019985199
309,195.42604064941406,170.90377807617188,212.3425750732422,197.38803100585938,0.39282771944999695
310,197.52069091796875,171.5489501953125,213.60882568359375,195.52301025390625,0.40773695707321167
311,196.6815185546875,171.122802734375,213.628662109375,195.4779052734375,0.4590946137905121
312,196.264892578125,171.4711456298828,213.5535888671875,195.4798126220703,0.5301679372787476
313,195.84341430664062,171.55496215820312,213.60281372070312,195.45553588867188,0.5257493257522583
314,195.23333740234375,171.91400146484375,213.28628540039062,195.57391357421875,0.5970449447631836
315,195.01898193359375,171.83834838867188,212.52215576171875,195.52468872070312,0.4601850211620331
316,194.26397705078125,171.38430786132812,211.38934326171875,195.32766723632812,0.6375335454940796
317,193.73916625976562,171.87945556640625,210.91098022460938,195.56045532226562,0.6388960480690002
318,192.70730590820312,171.57113647460938,209.0147705078125,195.53909301757812,0.6180301904678345
319,191.53184509277344,171.42555236816406,208.44371032714844,195.4035186767578,0.538157045841217
320,190.81268310546875,172.32444763183594,207.6988525390625,196.0973663330078,0.49147987365722656
321,189.9945526123047,174.22091674804688,207.3109893798828,195.60427856445312,0.4657139778137207
322,189.01907348632812,174.12088012695312,207.01223754882812,195.51449584960938,0.5292128920555115
323,188.58123779296875,174.0326690673828,206.9010009765625,195.6073760986328,0.4444231688976288
324,188.06790161132812,174.09088134765625,205.83517456054688,195.77960205078125,0.4138008952140808
325,187.35540771484375,174.0028076171875,205.3817138671875,196.197265625,0.39913901686668396
333,180.80191040039062,175.7393798828125,199.02957153320312,197.63250732421875,0.37488794326782227
334,180.26467895507812,175.84115600585938,197.67733764648438,197.80899047851562,0.3675456643104553
335,179.97715759277344,176.21595764160156,198.02906799316406,197.6104278564453,0.4900505542755127
336,179.95022583007812,176.56497192382812,197.91940307617188,198.31655883789062,0.303831547498703
337,179.6141357421875,177.23068237304688,196.71356201171875,198.91775512695312,0.44659674167633057
343,176.30813598632812,178.50881958007812,195.69284057617188,200.98348999023438,0.3707185685634613
344,176.16317749023438,179.26296997070312,194.61471557617188,201.66079711914062,0.38597163558006287
345,175.95126342773438,179.04522705078125,194.64639282226562,201.768310546875,0.30191147327423096
347,175.86245727539062,179.99803161621094,193.79046630859375,201.9977264404297,0.6101475954055786
348,175.4757080078125,180.41891479492188,192.96539306640625,202.56338500976562,0.6037377715110779
349,175.62100219726562,180.4844970703125,192.7091064453125,203.05694580078125,0.5991759896278381
350,175.28848266601562,180.58737182617188,192.76223754882812,202.93746948242188,0.5789499282836914
351,175.08578491210938,181.04901123046875,192.98806762695312,203.47802734375,0.424184650182724
352,175.0768280029297,181.12594604492188,192.90492248535156,203.54058837890625,0.41890475153923035
353,175.01141357421875,181.74853515625,191.572265625,204.32839965820312,0.377682089805603
354,174.85171508789062,182.09521484375,192.08636474609375,205.07275390625,0.2841331362724304
356,799.9560546875,437.43341064453125,816.97509765625,447.40167236328125,0.31669729948043823
356,174.3552703857422,182.3353271484375,191.8302764892578,205.33135986328125,0.2685469090938568
357,174.31402587890625,182.41183471679688,191.85955810546875,205.63784790039062,0.40303221344947815
358,174.08761596679688,182.36642456054688,191.72409057617188,205.60794067382812,0.4018717408180237
358,799.9564208984375,437.4749755859375,816.1307373046875,447.1319580078125,0.345046728849411
359,174.2215576171875,183.37564086914062,191.8031005859375,205.89144897460938,0.48245105147361755
359,800.24658203125,437.38128662109375,816.140380859375,447.56402587890625,0.4797898828983307
360,174.23638916015625,183.38963317871094,191.87750244140625,206.24021911621094,0.5403175950050354
360,800.9661865234375,436.91290283203125,816.9156494140625,446.80877685546875,0.3796333968639374
362,173.2358856201172,184.4992218017578,191.26649475097656,206.8518524169922,0.2865745425224304
379,180.3548126220703,180.87588500976562,198.92579650878906,204.04159545898438,0.31037667393684387
401,186.21539306640625,181.4609832763672,204.04660034179688,204.76234436035156,0.4317067563533783
402,185.96151733398438,181.4529571533203,203.75863647460938,205.17189025878906,0.37978219985961914
