1,5.0,350.37,61.33,29.39,18.83,1,1,1
1,4.0,200.83,168.76,22.17,15.24,1,1,1
1,3.0,309.27,86.78,26.38,14.40,1,1,1
1,2.0,200.78,169.08,13.22,13.52,1,1,1
1,1.0,144.95,239.12,13.48,19.29,1,1,1
2,6.0,307.44,85.46,29.70,31.17,1,1,1
2,5.0,349.40,59.14,31.28,21.05,1,1,1
2,4.0,200.89,167.32,22.18,13.00,1,1,1
2,3.0,309.09,85.42,27.67,12.92,1,1,1
2,2.0,200.63,167.30,13.79,12.97,1,1,1
2,1.0,145.12,238.23,13.53,19.78,1,1,1
3,6.0,306.78,84.34,30.61,31.94,1,1,1
3,5.0,350.29,58.86,29.88,19.60,1,1,1
3,4.0,210.31,166.63,22.62,13.21,1,1,1
3,3.0,308.68,84.40,28.32,14.55,1,1,1
3,2.0,201.05,166.53,12.81,13.28,1,1,1
3,1.0,145.98,237.08,13.71,19.26,1,1,1
4,6.0,305.44,83.82,31.79,30.15,1,1,1
4,5.0,350.28,58.84,29.90,19.49,1,1,1
4,4.0,216.30,166.40,15.91,13.28,1,1,1
4,3.0,307.00,83.86,29.84,16.69,1,1,1
4,2.0,201.05,166.47,13.35,13.09,1,1,1
4,1.0,145.99,237.07,13.90,19.26,1,1,1
5,5.0,350.26,58.87,29.88,19.32,1,1,1
5,4.0,216.30,166.30,15.92,13.78,1,1,1
5,3.0,307.85,82.68,28.73,17.00,1,1,1
5,2.0,201.86,165.92,12.23,14.29,1,1,1
5,1.0,146.79,236.47,14.08,19.90,1,1,1
6,5.0,349.99,59.11,30.27,18.94,1,1,1
6,3.0,308.47,82.53,28.00,16.49,1,1,1
6,2.0,201.72,165.78,12.16,14.28,1,1,1
6,1.0,147.70,235.82,14.37,20.22,1,1,1
7,5.0,350.08,59.37,30.32,18.53,1,1,1
7,4.0,205.68,165.23,27.79,13.70,1,1,1
7,3.0,308.33,82.40,28.13,16.72,1,1,1
7,2.0,203.98,165.28,14.54,13.36,1,1,1
7,1.0,148.32,236.05,13.95,19.82,1,1,1
8,5.0,350.25,58.42,30.16,19.62,1,1,1
8,4.0,205.60,165.19,27.79,13.90,1,1,1
8,3.0,308.49,81.64,27.86,15.28,1,1,1
8,2.0,204.15,165.24,15.83,13.49,1,1,1
8,1.0,149.38,236.19,13.43,19.73,1,1,1
9,5.0,349.82,56.14,30.80,21.90,1,1,1
9,4.0,204.72,165.10,22.30,13.22,1,1,1
9,3.0,308.50,81.48,27.70,15.37,1,1,1
9,1.0,150.11,236.22,13.59,19.84,1,1,1
10,5.0,349.72,56.13,30.96,22.02,1,1,1
10,4.0,205.53,165.00,27.99,10.85,1,1,1
10,3.0,308.54,81.20,27.95,15.76,1,1,1
10,2.0,204.66,165.01,21.46,10.51,1,1,1
10,1.0,149.98,235.43,14.00,20.71,1,1,1
11,3.0,308.67,80.64,28.85,14.10,1,1,1
11,1.0,151.34,234.33,10.50,20.10,1,1,1
12,3.0,308.71,79.94,28.13,14.79,1,1,1
12,1.0,151.16,234.23,10.87,20.16,1,1,1
13,3.0,308.29,79.52,28.70,20.01,1,1,1
13,1.0,151.17,234.14,10.93,18.51,1,1,1
14,1.0,151.27,234.20,10.99,18.24,1,1,1
15,1.0,151.37,233.91,10.76,14.10,1,1,1
16,1.0,152.00,230.86,11.25,12.84,1,1,1
17,1.0,152.00,230.77,11.04,12.92,1,1,1
18,1.0,152.00,230.97,11.84,15.23,1,1,1
19,1.0,151.99,231.14,12.48,18.12,1,1,1
20,1.0,155.18,230.58,13.00,18.87,1,1,1
21,1.0,155.99,230.27,14.58,20.83,1,1,1
22,1.0,156.04,230.25,14.42,24.27,1,1,1
23,1.0,156.24,229.99,13.79,12.58,1,1,1
24,1.0,156.48,230.06,14.49,13.28,1,1,1
25,1.0,156.77,229.97,14.53,13.76,1,1,1
26,1.0,158.43,229.92,14.08,21.27,1,1,1
27,1.0,158.39,230.18,12.97,20.97,1,1,1
28,1.0,158.75,229.75,14.96,21.50,1,1,1
29,1.0,158.73,229.78,14.96,21.44,1,1,1
30,1.0,159.20,228.78,15.81,15.18,1,1,1
31,1.0,159.74,227.72,16.49,21.87,1,1,1
32,1.0,159.80,228.68,16.13,20.54,1,1,1
33,1.0,160.37,228.42,17.10,20.77,1,1,1
34,1.0,160.87,227.69,17.20,20.52,1,1,1
35,1.0,160.89,227.53,17.58,20.58,1,1,1
36,1.0,162.13,225.61,16.73,21.00,1,1,1
37,1.0,162.29,225.60,16.56,20.72,1,1,1
38,1.0,162.37,225.48,16.60,20.73,1,1,1
39,1.0,163.20,224.96,16.22,20.89,1,1,1
40,1.0,163.45,225.31,16.82,20.78,1,1,1
41,4.0,210.33,150.79,23.50,13.59,1,1,1
41,1.0,164.23,224.31,15.60,20.68,1,1,1
42,4.0,210.33,150.79,23.50,13.59,1,1,1
42,1.0,164.26,224.32,15.50,20.84,1,1,1
43,4.0,210.37,150.78,23.65,13.51,1,1,1
43,1.0,164.64,224.06,14.99,21.13,1,1,1
44,4.0,210.38,150.78,23.76,13.50,1,1,1
44,3.0,300.86,65.78,27.80,13.54,1,1,1
44,1.0,164.46,223.91,15.46,21.38,1,1,1
45,4.0,210.46,150.70,24.47,13.48,1,1,1
45,3.0,300.56,65.68,27.53,13.50,1,1,1
45,1.0,164.72,223.99,15.54,20.47,1,1,1
46,4.0,210.69,150.71,24.31,12.65,1,1,1
46,3.0,300.20,65.60,27.87,13.55,1,1,1
46,1.0,165.05,223.77,15.32,20.67,1,1,1
47,4.0,210.87,150.76,24.04,13.05,1,1,1
47,3.0,299.43,65.57,28.43,13.73,1,1,1
47,1.0,165.04,224.39,15.32,20.36,1,1,1
48,4.0,210.81,150.80,24.06,13.07,1,1,1
48,3.0,298.96,65.50,28.63,13.76,1,1,1
48,1.0,165.07,224.44,15.31,20.39,1,1,1
49,4.0,210.87,150.84,23.68,12.90,1,1,1
49,3.0,298.06,65.43,28.39,14.52,1,1,1
49,1.0,165.26,224.78,15.17,20.02,1,1,1
50,4.0,210.68,150.76,23.50,13.32,1,1,1
50,3.0,296.98,65.21,28.39,14.43,1,1,1
50,1.0,165.22,224.64,15.20,20.23,1,1,1
51,4.0,209.48,150.83,22.21,13.20,1,1,1
51,3.0,296.43,64.87,27.22,14.57,1,1,1
51,1.0,166.66,225.15,13.75,20.08,1,1,1
52,4.0,209.20,150.44,23.80,13.44,1,1,1
52,3.0,295.77,64.67,28.33,13.87,1,1,1
52,1.0,166.67,225.36,13.71,20.02,1,1,1
53,4.0,208.92,150.16,24.47,13.21,1,1,1
53,3.0,295.54,64.57,27.73,13.46,1,1,1
53,1.0,166.66,225.45,13.80,19.87,1,1,1
54,4.0,208.81,149.99,22.11,13.48,1,1,1
54,3.0,294.74,64.24,27.52,13.26,1,1,1
54,1.0,166.34,224.94,14.00,20.32,1,1,1
55,4.0,208.49,149.99,22.41,13.20,1,1,1
55,3.0,294.50,64.14,27.53,13.56,1,1,1
55,1.0,166.41,225.14,13.92,20.02,1,1,1
56,4.0,207.93,149.91,22.55,13.78,1,1,1
56,3.0,294.20,63.96,27.34,13.78,1,1,1
56,1.0,166.31,225.19,13.95,19.96,1,1,1
57,4.0,207.95,149.61,22.18,13.57,1,1,1
57,3.0,293.09,63.89,27.57,13.86,1,1,1
57,1.0,165.66,225.20,14.69,19.38,1,1,1
58,4.0,207.06,149.79,22.67,14.48,1,1,1
58,3.0,292.01,63.77,28.39,13.70,1,1,1
58,1.0,165.62,225.35,13.80,19.34,1,1,1
59,4.0,207.08,149.78,20.39,14.10,1,1,1
59,3.0,291.51,63.57,28.56,13.98,1,1,1
59,1.0,165.43,225.22,13.95,19.27,1,1,1
60,4.0,206.88,149.81,20.54,13.06,1,1,1
60,3.0,291.31,63.43,28.46,13.08,1,1,1
60,1.0,165.21,225.09,14.07,19.23,1,1,1
61,4.0,206.32,149.61,19.50,12.59,1,1,1
61,3.0,290.52,63.40,27.58,13.33,1,1,1
61,1.0,164.31,224.65,14.47,19.25,1,1,1
62,4.0,205.76,149.75,20.09,12.54,1,1,1
62,3.0,290.21,63.47,26.81,13.09,1,1,1
62,1.0,164.57,224.55,14.39,19.37,1,1,1
63,4.0,205.41,149.88,20.37,12.39,1,1,1
63,3.0,289.80,63.54,26.71,12.96,1,1,1
63,1.0,163.82,224.64,14.85,19.10,1,1,1
64,4.0,205.41,149.89,20.39,12.40,1,1,1
64,3.0,288.65,63.51,27.57,13.40,1,1,1
64,1.0,163.95,224.70,14.57,19.09,1,1,1
65,4.0,205.41,149.89,20.40,12.41,1,1,1
65,3.0,288.46,63.59,27.01,13.41,1,1,1
65,1.0,164.03,224.65,14.36,19.01,1,1,1
66,4.0,204.77,149.83,20.66,12.45,1,1,1
66,3.0,287.92,63.75,27.21,13.26,1,1,1
66,1.0,163.72,224.66,14.99,19.11,1,1,1
67,4.0,204.78,149.86,19.88,12.27,1,1,1
67,3.0,287.33,63.88,27.42,13.12,1,1,1
67,1.0,163.68,224.63,14.38,19.27,1,1,1
68,4.0,204.80,149.76,19.75,12.38,1,1,1
68,3.0,286.73,63.97,27.61,13.54,1,1,1
68,1.0,163.36,224.38,14.89,19.50,1,1,1
69,4.0,204.15,149.46,19.98,13.61,1,1,1
69,3.0,286.35,63.98,27.52,13.73,1,1,1
69,1.0,163.53,224.56,14.71,19.35,1,1,1
70,4.0,203.53,150.29,19.90,12.35,1,1,1
70,3.0,284.97,63.82,27.40,13.79,1,1,1
70,1.0,162.66,225.01,14.36,19.39,1,1,1
71,4.0,202.63,150.85,18.70,12.08,1,1,1
71,3.0,283.65,63.92,28.05,13.89,1,1,1
71,1.0,162.60,225.26,14.88,20.21,1,1,1
72,4.0,201.73,150.83,19.24,11.02,1,1,1
72,3.0,281.95,63.74,29.04,14.08,1,1,1
72,1.0,161.95,225.06,14.69,20.48,1,1,1
73,4.0,200.96,150.48,19.39,12.11,1,1,1
73,3.0,281.65,63.31,28.10,13.91,1,1,1
73,1.0,161.01,224.70,14.59,19.65,1,1,1
74,3.0,281.42,63.02,27.81,13.87,1,1,1
74,1.0,160.87,224.28,14.10,19.50,1,1,1
75,3.0,281.68,62.65,27.04,13.76,1,1,1
75,1.0,160.13,224.02,14.04,19.84,1,1,1
76,3.0,280.07,62.01,28.00,14.22,1,1,1
76,1.0,159.84,223.94,14.10,19.96,1,1,1
77,3.0,279.04,61.93,28.23,14.28,1,1,1
77,1.0,159.60,224.01,14.28,20.08,1,1,1
78,3.0,278.58,61.81,28.36,14.33,1,1,1
78,1.0,158.95,224.07,14.12,20.12,1,1,1
79,3.0,278.20,61.57,28.39,14.42,1,1,1
79,1.0,158.79,224.07,14.15,20.17,1,1,1
80,3.0,276.58,61.51,29.53,14.41,1,1,1
80,1.0,158.69,223.83,14.02,20.09,1,1,1
81,3.0,277.96,60.99,27.34,15.17,1,1,1
81,1.0,158.65,223.48,13.98,19.24,1,1,1
82,3.0,276.63,60.60,28.60,14.90,1,1,1
82,1.0,157.80,222.85,13.93,18.99,1,1,1
83,3.0,276.80,60.32,28.20,14.76,1,1,1
83,1.0,157.40,222.97,14.37,18.87,1,1,1
84,4.0,196.19,146.78,18.61,11.05,1,1,1
84,3.0,276.17,60.32,28.72,14.54,1,1,1
84,1.0,156.67,222.81,14.65,18.93,1,1,1
85,4.0,196.09,146.73,17.73,10.30,1,1,1
85,3.0,275.59,60.03,29.30,14.89,1,1,1
85,1.0,156.52,221.79,13.96,18.99,1,1,1
86,4.0,195.30,146.06,19.44,11.13,1,1,1
86,3.0,275.28,59.79,29.22,15.52,1,1,1
86,1.0,155.99,221.02,15.00,18.92,1,1,1
87,4.0,195.10,145.76,18.16,11.65,1,1,1
87,3.0,275.20,59.54,29.19,15.61,1,1,1
87,1.0,155.64,220.94,15.10,19.02,1,1,1
88,4.0,194.99,145.83,17.82,11.28,1,1,1
88,3.0,274.57,59.52,30.17,15.58,1,1,1
88,1.0,155.48,220.95,15.30,19.10,1,1,1
89,4.0,194.40,145.67,17.51,12.03,1,1,1
89,3.0,273.87,59.49,28.39,15.70,1,1,1
89,1.0,154.71,220.76,15.71,19.19,1,1,1
90,4.0,193.86,145.50,18.01,12.72,1,1,1
90,3.0,273.76,59.26,28.23,15.31,1,1,1
90,1.0,154.64,220.61,15.76,19.10,1,1,1
91,4.0,193.73,145.41,15.33,12.26,1,1,1
91,3.0,273.44,59.13,28.51,15.23,1,1,1
91,1.0,154.99,219.47,14.20,19.53,1,1,1
92,4.0,192.72,145.02,17.12,13.65,1,1,1
92,3.0,273.32,58.86,27.48,15.33,1,1,1
92,1.0,154.61,218.69,14.24,20.11,1,1,1
93,4.0,192.80,145.07,16.71,12.74,1,1,1
93,3.0,273.05,58.95,27.26,14.92,1,1,1
93,1.0,154.55,218.24,14.26,20.53,1,1,1
94,4.0,192.57,145.03,16.89,13.41,1,1,1
94,3.0,272.61,59.01,27.24,14.68,1,1,1
94,1.0,153.41,218.11,14.85,20.54,1,1,1
95,4.0,192.54,145.09,16.21,12.84,1,1,1
95,3.0,272.29,59.06,27.03,14.78,1,1,1
95,1.0,153.38,218.23,14.83,20.52,1,1,1
96,4.0,192.39,145.07,16.09,13.62,1,1,1
96,3.0,272.12,59.07,26.56,14.62,1,1,1
96,1.0,153.10,218.03,15.10,20.69,1,1,1
97,4.0,192.01,144.95,15.50,13.22,1,1,1
97,3.0,271.45,59.07,27.02,14.71,1,1,1
97,1.0,152.84,217.99,15.26,20.72,1,1,1
98,4.0,191.41,145.21,15.42,13.85,1,1,1
98,3.0,271.14,59.08,26.40,14.84,1,1,1
98,1.0,152.84,218.12,15.20,20.48,1,1,1
99,4.0,190.56,145.11,15.54,11.74,1,1,1
99,3.0,270.53,59.14,26.58,14.99,1,1,1
99,1.0,151.57,218.28,15.70,21.00,1,1,1
100,4.0,190.50,145.21,15.70,11.93,1,1,1
100,3.0,269.75,59.28,27.03,15.53,1,1,1
100,1.0,151.39,218.49,15.83,20.86,1,1,1
101,4.0,189.56,145.67,15.30,10.25,1,1,1
101,3.0,268.59,59.68,27.81,15.08,1,1,1
101,1.0,150.07,220.05,16.27,19.67,1,1,1
102,4.0,189.33,145.40,15.45,10.53,1,1,1
102,3.0,268.58,59.75,27.12,14.97,1,1,1
102,1.0,150.06,219.78,16.20,20.01,1,1,1
103,4.0,188.80,145.35,15.73,10.46,1,1,1
103,3.0,268.50,59.75,27.20,15.38,1,1,1
103,1.0,149.54,219.67,16.18,20.07,1,1,1
104,4.0,188.79,145.21,15.73,10.58,1,1,1
104,3.0,268.27,59.72,26.84,15.57,1,1,1
104,1.0,148.48,219.68,15.81,19.77,1,1,1
105,4.0,188.14,145.29,15.75,10.40,1,1,1
105,3.0,267.70,59.81,27.03,15.02,1,1,1
105,1.0,148.38,219.79,16.09,19.70,1,1,1
106,4.0,187.43,145.28,15.59,10.39,1,1,1
106,3.0,267.20,59.93,26.41,15.11,1,1,1
106,1.0,147.97,219.61,16.28,19.79,1,1,1
107,4.0,187.26,145.27,15.70,10.20,1,1,1
107,3.0,266.94,59.92,26.62,14.84,1,1,1
107,1.0,148.17,219.55,15.71,20.11,1,1,1
108,4.0,187.14,145.55,14.36,10.63,1,1,1
108,3.0,266.66,60.03,25.35,14.92,1,1,1
108,1.0,147.86,219.41,15.76,20.37,1,1,1
109,4.0,187.14,145.49,14.33,10.71,1,1,1
109,3.0,266.68,60.06,25.37,15.18,1,1,1
109,1.0,147.41,219.39,16.53,20.09,1,1,1
110,4.0,187.10,145.57,14.30,13.52,1,1,1
110,3.0,266.69,60.09,25.51,15.08,1,1,1
110,1.0,147.33,219.14,16.45,19.67,1,1,1
111,4.0,186.60,145.72,14.25,12.61,1,1,1
111,3.0,265.67,60.11,26.51,15.37,1,1,1
111,1.0,146.96,219.34,16.20,19.55,1,1,1
112,4.0,186.62,145.59,14.21,12.88,1,1,1
112,3.0,266.51,60.50,25.00,15.25,1,1,1
112,1.0,146.67,219.34,16.03,19.32,1,1,1
113,4.0,186.65,145.73,14.16,12.37,1,1,1
113,3.0,266.92,60.66,24.58,15.51,1,1,1
113,1.0,146.71,219.41,15.93,19.28,1,1,1
114,4.0,186.53,146.25,14.14,12.30,1,1,1
114,3.0,267.08,61.14,25.36,15.12,1,1,1
114,1.0,146.54,219.28,16.00,19.42,1,1,1
115,4.0,186.73,145.70,14.24,12.34,1,1,1
115,3.0,267.56,61.53,25.47,14.98,1,1,1
115,1.0,146.54,218.78,15.92,19.93,1,1,1
116,4.0,186.86,145.78,14.19,13.17,1,1,1
116,3.0,267.55,61.67,25.92,14.96,1,1,1
116,1.0,146.46,218.27,15.89,19.94,1,1,1
117,4.0,187.95,144.82,14.21,13.54,1,1,1
117,3.0,268.47,61.76,26.58,14.70,1,1,1
117,1.0,146.34,217.95,15.94,19.99,1,1,1
118,4.0,187.98,144.79,14.17,13.53,1,1,1
118,3.0,268.83,61.73,26.88,15.07,1,1,1
118,1.0,146.62,217.67,16.03,19.51,1,1,1
119,4.0,188.05,144.41,14.48,13.60,1,1,1
119,3.0,268.98,61.77,26.73,15.02,1,1,1
119,1.0,146.84,217.19,15.88,20.15,1,1,1
120,4.0,188.00,144.43,14.56,13.71,1,1,1
120,3.0,269.04,61.84,27.13,14.81,1,1,1
120,1.0,146.81,216.89,15.78,19.66,1,1,1
121,4.0,189.02,143.65,13.97,11.02,1,1,1
121,3.0,270.25,61.81,26.50,14.40,1,1,1
121,1.0,147.37,216.31,13.36,19.83,1,1,1
122,4.0,189.33,143.10,15.06,10.52,1,1,1
122,3.0,270.64,61.38,26.65,14.94,1,1,1
122,1.0,147.29,214.97,14.16,19.19,1,1,1
123,4.0,190.39,142.72,15.50,11.03,1,1,1
123,3.0,271.28,61.13,27.71,14.49,1,1,1
123,1.0,147.78,213.38,14.30,20.35,1,1,1
124,4.0,190.82,141.90,15.03,11.05,1,1,1
124,3.0,272.42,60.92,27.34,14.71,1,1,1
124,1.0,148.02,212.59,14.04,20.26,1,1,1
125,4.0,191.66,140.98,16.58,11.34,1,1,1
125,3.0,273.46,60.88,26.81,14.40,1,1,1
125,1.0,148.02,212.25,14.27,20.25,1,1,1
126,4.0,192.02,140.86,15.29,11.46,1,1,1
126,3.0,274.57,60.82,27.21,14.85,1,1,1
126,1.0,148.81,211.22,13.98,20.88,1,1,1
127,4.0,193.09,140.87,15.23,11.29,1,1,1
127,3.0,275.00,60.74,27.22,14.96,1,1,1
127,1.0,148.68,211.05,14.07,21.00,1,1,1
128,4.0,192.90,140.77,16.06,11.35,1,1,1
128,3.0,275.18,61.09,27.85,15.02,1,1,1
128,1.0,148.67,211.11,13.79,20.29,1,1,1
129,4.0,193.62,140.84,16.20,10.32,1,1,1
129,3.0,276.05,61.20,27.65,15.02,1,1,1
129,1.0,148.56,211.08,13.89,20.32,1,1,1
130,4.0,193.51,140.94,16.27,10.17,1,1,1
130,3.0,275.99,61.32,28.71,15.08,1,1,1
130,1.0,149.30,209.98,13.22,20.63,1,1,1
131,4.0,194.74,139.81,13.58,11.76,1,1,1
131,3.0,277.30,61.42,28.49,15.71,1,1,1
131,1.0,151.18,208.73,13.03,21.79,1,1,1
132,4.0,195.11,139.70,13.56,11.47,1,1,1
132,3.0,277.23,61.49,28.47,15.31,1,1,1
132,1.0,151.16,208.09,13.19,21.16,1,1,1
133,4.0,196.07,139.23,14.19,12.20,1,1,1
133,3.0,279.25,61.55,27.49,14.94,1,1,1
133,1.0,151.21,207.40,13.99,21.75,1,1,1
134,4.0,196.97,138.54,14.63,11.87,1,1,1
134,3.0,281.01,61.68,26.95,15.06,1,1,1
134,1.0,151.84,206.92,13.54,22.13,1,1,1
135,4.0,197.18,138.47,14.89,11.51,1,1,1
135,3.0,282.23,61.87,26.09,15.09,1,1,1
135,1.0,151.98,206.93,14.62,21.82,1,1,1
136,4.0,198.50,138.49,14.88,11.81,1,1,1
136,3.0,283.30,62.49,26.27,14.51,1,1,1
136,1.0,153.26,206.76,14.75,19.97,1,1,1
137,4.0,199.22,138.42,14.77,10.56,1,1,1
137,3.0,284.42,62.63,26.02,15.21,1,1,1
137,1.0,153.19,206.05,14.83,21.17,1,1,1
138,4.0,199.17,138.24,14.89,10.67,1,1,1
138,3.0,285.80,62.73,25.39,15.21,1,1,1
138,1.0,153.38,205.26,14.65,21.42,1,1,1
139,4.0,199.46,138.25,14.93,10.26,1,1,1
139,3.0,286.79,62.75,25.76,15.11,1,1,1
139,1.0,153.44,204.67,14.62,20.99,1,1,1
140,4.0,200.27,137.52,15.56,10.06,1,1,1
140,3.0,287.25,62.77,26.06,15.21,1,1,1
140,1.0,153.92,203.83,14.13,21.29,1,1,1
141,4.0,201.09,137.15,16.00,9.98,1,1,1
141,3.0,287.93,62.75,26.64,14.55,1,1,1
141,1.0,154.32,203.58,14.34,20.55,1,1,1
142,4.0,201.29,137.07,15.98,9.42,1,1,1
142,3.0,288.58,62.75,26.00,14.33,1,1,1
142,1.0,154.26,203.45,14.24,19.95,1,1,1
143,4.0,201.03,136.95,16.29,9.39,1,1,1
143,3.0,289.49,62.84,25.05,14.36,1,1,1
143,1.0,154.23,203.13,14.25,19.79,1,1,1
144,4.0,201.60,136.84,16.13,9.04,1,1,1
144,3.0,289.89,63.03,25.34,14.62,1,1,1
144,1.0,154.47,202.13,13.80,19.83,1,1,1
145,4.0,202.13,136.75,15.95,9.11,1,1,1
145,3.0,291.50,63.16,24.31,14.11,1,1,1
145,1.0,155.01,201.65,13.58,20.27,1,1,1
146,4.0,202.44,136.76,16.38,8.67,1,1,1
146,3.0,291.43,63.32,25.04,15.61,1,1,1
146,1.0,154.92,201.69,14.07,20.41,1,1,1
147,4.0,202.06,136.30,17.13,9.51,1,1,1
147,3.0,291.36,63.40,25.52,14.63,1,1,1
147,1.0,154.87,201.70,14.76,19.98,1,1,1
148,4.0,202.70,136.60,16.83,9.49,1,1,1
148,3.0,291.33,63.70,25.70,15.25,1,1,1
148,1.0,154.82,201.54,14.85,20.19,1,1,1
149,4.0,202.56,136.61,16.91,9.50,1,1,1
149,3.0,292.16,63.81,24.94,15.59,1,1,1
149,1.0,154.84,201.38,14.92,19.11,1,1,1
150,4.0,203.63,135.66,16.28,9.86,1,1,1
150,3.0,292.17,63.71,25.58,15.62,1,1,1
150,1.0,154.87,201.36,14.86,19.15,1,1,1
151,4.0,203.44,135.20,16.97,10.41,1,1,1
151,3.0,292.03,63.59,26.03,16.40,1,1,1
151,1.0,155.47,198.84,16.64,21.62,1,1,1
152,4.0,204.18,135.27,18.20,15.95,1,1,1
152,3.0,292.36,63.71,25.73,15.44,1,1,1
152,1.0,155.79,198.96,16.02,20.96,1,1,1
153,4.0,204.11,135.30,18.16,15.97,1,1,1
153,3.0,292.15,63.51,26.03,15.58,1,1,1
153,1.0,155.69,198.47,15.15,21.04,1,1,1
154,4.0,203.92,135.21,18.24,16.04,1,1,1
154,3.0,292.14,63.48,26.19,15.60,1,1,1
154,1.0,155.36,197.58,15.54,21.31,1,1,1
155,4.0,204.17,135.11,17.66,16.26,1,1,1
155,3.0,292.06,63.23,26.77,15.53,1,1,1
155,1.0,155.28,197.40,15.66,21.31,1,1,1
156,4.0,203.62,135.15,18.27,16.19,1,1,1
156,3.0,292.06,63.23,26.73,15.52,1,1,1
156,1.0,155.49,197.34,15.64,20.91,1,1,1
157,4.0,203.75,135.06,17.93,15.69,1,1,1
157,3.0,292.17,63.24,26.56,15.25,1,1,1
157,1.0,155.56,197.05,14.97,21.10,1,1,1
158,4.0,203.84,134.84,18.12,16.15,1,1,1
158,3.0,292.20,63.28,26.69,15.36,1,1,1
158,1.0,155.48,197.04,15.01,20.92,1,1,1
159,4.0,203.53,134.65,18.14,10.31,1,1,1
159,3.0,292.29,63.24,27.07,15.43,1,1,1
159,1.0,155.71,196.55,15.52,20.87,1,1,1
160,4.0,204.42,133.29,17.66,11.86,1,1,1
160,3.0,292.50,63.07,28.08,15.67,1,1,1
160,1.0,156.41,195.96,15.25,20.22,1,1,1
161,4.0,203.81,132.45,17.96,9.13,1,1,1
161,3.0,294.14,62.75,26.07,14.98,1,1,1
161,1.0,156.53,194.74,15.10,21.05,1,1,1
162,4.0,204.45,132.31,17.72,9.10,1,1,1
162,3.0,293.57,62.55,27.22,14.74,1,1,1
162,1.0,156.62,194.63,15.19,21.03,1,1,1
163,4.0,204.40,132.29,17.63,9.08,1,1,1
163,3.0,293.84,62.34,27.10,14.64,1,1,1
163,1.0,156.69,194.39,15.13,21.26,1,1,1
164,4.0,204.29,132.10,17.64,9.36,1,1,1
164,3.0,293.82,62.15,27.41,14.87,1,1,1
164,1.0,156.77,194.00,15.05,20.93,1,1,1
165,4.0,204.73,131.27,17.05,10.05,1,1,1
165,3.0,293.60,61.99,27.63,14.89,1,1,1
165,1.0,156.94,193.68,15.04,21.31,1,1,1
166,4.0,204.65,131.28,17.22,10.26,1,1,1
166,3.0,293.76,61.97,27.48,14.85,1,1,1
166,1.0,156.96,193.68,15.07,21.00,1,1,1
167,4.0,204.67,131.31,17.60,10.26,1,1,1
167,3.0,293.48,61.96,27.76,14.90,1,1,1
167,1.0,156.92,193.73,15.06,20.89,1,1,1
168,4.0,204.68,131.33,17.78,10.22,1,1,1
168,3.0,293.59,61.74,27.93,15.08,1,1,1
168,1.0,157.10,193.09,16.21,21.14,1,1,1
169,4.0,204.50,131.00,18.67,10.06,1,1,1
169,3.0,293.64,61.71,28.21,15.21,1,1,1
169,1.0,157.17,192.57,16.05,21.29,1,1,1
170,4.0,205.05,131.09,17.83,10.01,1,1,1
170,3.0,294.10,60.99,26.51,15.31,1,1,1
170,1.0,157.27,192.23,16.25,20.57,1,1,1
171,4.0,204.55,130.10,18.75,9.24,1,1,1
171,3.0,293.97,60.55,26.80,15.10,1,1,1
171,1.0,157.14,191.14,15.51,21.67,1,1,1
172,4.0,204.78,130.09,18.34,9.32,1,1,1
172,3.0,294.27,60.37,26.74,15.34,1,1,1
172,1.0,157.19,191.19,15.49,21.49,1,1,1
173,4.0,204.52,129.94,18.82,8.74,1,1,1
173,3.0,294.32,59.74,26.65,15.53,1,1,1
173,1.0,157.29,190.74,15.53,21.95,1,1,1
174,4.0,204.15,129.53,19.45,8.50,1,1,1
174,3.0,293.49,59.70,27.42,15.80,1,1,1
174,1.0,157.34,190.57,15.40,22.00,1,1,1
175,4.0,204.43,129.16,19.21,8.18,1,1,1
175,3.0,293.74,59.42,27.72,15.94,1,1,1
175,1.0,157.41,190.52,15.37,21.39,1,1,1
176,4.0,205.11,128.78,18.80,8.42,1,1,1
176,3.0,294.04,59.14,27.60,16.07,1,1,1
176,1.0,157.31,189.54,15.61,20.77,1,1,1
177,4.0,205.10,128.00,18.39,9.03,1,1,1
177,3.0,294.33,58.95,27.23,15.31,1,1,1
177,1.0,157.33,189.04,15.49,21.19,1,1,1
178,4.0,204.21,127.37,20.35,9.41,1,1,1
178,3.0,294.54,58.39,27.03,17.45,1,1,1
178,1.0,157.37,188.17,15.65,20.84,1,1,1
179,4.0,204.33,126.81,20.77,9.59,1,1,1
179,3.0,294.65,58.18,27.31,18.99,1,1,1
179,1.0,157.47,187.82,15.51,20.67,1,1,1
180,4.0,204.38,126.74,20.83,9.64,1,1,1
180,3.0,294.66,58.04,27.01,18.58,1,1,1
180,1.0,157.48,187.41,15.64,20.64,1,1,1
181,4.0,204.32,126.63,20.35,10.46,1,1,1
181,3.0,294.75,57.68,25.93,15.03,1,1,1
181,1.0,159.23,187.79,15.64,20.57,1,1,1
182,4.0,204.18,126.29,20.55,10.76,1,1,1
182,3.0,294.61,57.26,26.34,15.02,1,1,1
182,1.0,159.15,187.57,15.72,20.74,1,1,1
183,4.0,204.48,126.11,19.87,11.70,1,1,1
183,3.0,294.65,57.02,26.09,15.07,1,1,1
183,1.0,159.31,187.39,15.78,19.85,1,1,1
184,4.0,203.31,125.41,20.46,11.77,1,1,1
184,3.0,295.14,56.71,25.29,16.12,1,1,1
184,1.0,159.08,186.52,15.92,20.27,1,1,1
185,4.0,204.42,125.03,19.68,11.73,1,1,1
185,3.0,294.77,56.19,26.62,17.48,1,1,1
185,1.0,159.11,185.31,16.08,20.75,1,1,1
186,4.0,204.43,124.20,19.97,12.11,1,1,1
186,3.0,295.45,55.53,25.97,13.86,1,1,1
186,1.0,159.09,184.53,15.85,20.97,1,1,1
187,4.0,204.65,123.13,19.49,13.01,1,1,1
187,3.0,295.35,55.26,26.49,13.60,1,1,1
187,1.0,159.32,184.15,16.04,19.75,1,1,1
188,4.0,205.76,122.76,19.28,13.28,1,1,1
188,3.0,295.92,54.71,26.62,13.23,1,1,1
188,1.0,159.20,182.34,16.22,19.77,1,1,1
189,3.0,296.07,54.28,26.82,13.86,1,1,1
189,1.0,159.33,182.24,16.23,20.26,1,1,1
190,3.0,295.95,53.86,27.22,13.12,1,1,1
190,1.0,160.04,181.37,16.19,20.94,1,1,1
191,3.0,295.75,53.37,26.99,13.63,1,1,1
191,1.0,160.46,180.29,16.72,21.15,1,1,1
192,3.0,296.01,53.02,27.24,13.63,1,1,1
192,1.0,160.55,179.87,16.32,22.04,1,1,1
193,3.0,296.19,52.82,27.37,13.88,1,1,1
193,1.0,160.93,179.48,16.56,21.53,1,1,1
194,3.0,296.83,52.84,27.36,14.22,1,1,1
194,1.0,161.51,179.40,17.50,20.83,1,1,1
195,3.0,297.97,52.88,27.14,14.12,1,1,1
195,1.0,162.39,178.73,16.93,21.34,1,1,1
196,3.0,298.66,52.89,27.54,13.95,1,1,1
196,1.0,162.89,178.41,16.95,20.92,1,1,1
197,3.0,299.83,52.71,27.58,14.25,1,1,1
197,1.0,164.13,177.54,17.54,20.98,1,1,1
198,3.0,300.46,52.68,28.30,14.36,1,1,1
198,1.0,164.61,177.47,18.13,21.01,1,1,1
199,3.0,301.89,52.71,27.67,14.51,1,1,1
199,1.0,166.18,176.67,16.89,21.73,1,1,1
200,3.0,302.10,52.87,28.33,14.27,1,1,1
200,1.0,166.28,176.37,17.59,21.50,1,1,1
201,3.0,303.38,52.72,27.80,14.11,1,1,1
201,1.0,167.41,175.01,17.55,21.54,1,1,1
202,3.0,303.75,52.73,27.88,14.14,1,1,1
202,1.0,167.90,175.17,17.60,21.46,1,1,1
203,3.0,304.32,52.64,28.21,14.56,1,1,1
203,1.0,168.76,175.27,17.18,21.19,1,1,1
204,3.0,305.05,52.52,28.38,14.70,1,1,1
204,1.0,169.63,174.91,16.99,20.98,1,1,1
205,3.0,306.26,52.31,27.67,14.22,1,1,1
205,1.0,169.76,174.59,17.03,21.10,1,1,1
206,3.0,306.50,52.31,28.33,14.20,1,1,1
206,1.0,170.94,174.36,16.62,21.36,1,1,1
207,3.0,306.88,52.31,28.44,14.39,1,1,1
207,1.0,171.60,174.31,16.57,20.57,1,1,1
208,3.0,307.18,52.31,29.08,14.43,1,1,1
208,1.0,172.23,174.14,16.48,20.60,1,1,1
209,3.0,307.87,52.31,29.00,14.33,1,1,1
209,1.0,172.74,173.97,16.32,20.38,1,1,1
210,3.0,308.53,52.34,28.31,14.23,1,1,1
210,1.0,173.28,173.86,16.86,20.17,1,1,1
211,3.0,309.79,52.92,27.62,13.69,1,1,1
211,1.0,174.19,174.14,17.95,20.99,1,1,1
212,3.0,310.36,52.99,27.38,14.41,1,1,1
212,1.0,174.76,174.70,16.60,19.32,1,1,1
213,3.0,310.35,53.20,27.31,14.21,1,1,1
213,1.0,175.02,174.56,16.34,19.52,1,1,1
214,3.0,310.11,53.62,27.26,13.58,1,1,1
214,1.0,175.10,175.08,16.85,20.25,1,1,1
215,3.0,310.07,53.87,26.30,13.27,1,1,1
215,1.0,175.07,175.10,16.70,20.13,1,1,1
216,3.0,310.03,53.91,26.31,13.19,1,1,1
216,1.0,175.05,175.04,16.81,20.20,1,1,1
217,3.0,310.04,53.87,26.59,13.07,1,1,1
217,1.0,175.18,175.03,16.70,20.31,1,1,1
218,3.0,308.95,53.24,27.65,13.50,1,1,1
218,1.0,175.14,175.01,16.77,20.39,1,1,1
219,3.0,308.57,53.28,27.74,13.55,1,1,1
219,1.0,175.44,175.10,16.53,20.39,1,1,1
220,3.0,308.27,53.37,26.68,13.86,1,1,1
220,1.0,175.73,175.62,16.98,20.60,1,1,1
221,3.0,307.21,53.78,27.39,13.53,1,1,1
221,1.0,175.57,176.48,17.65,19.77,1,1,1
222,3.0,306.58,53.97,25.70,14.05,1,1,1
222,1.0,175.24,176.35,17.90,21.22,1,1,1
223,3.0,304.27,54.04,26.99,13.65,1,1,1
223,1.0,174.89,177.85,16.69,20.01,1,1,1
224,3.0,303.18,54.09,27.05,13.12,1,1,1
224,1.0,174.47,178.09,17.30,19.65,1,1,1
225,3.0,302.72,54.15,26.92,13.13,1,1,1
225,1.0,174.07,178.72,17.36,19.19,1,1,1
226,3.0,302.52,54.14,26.17,13.02,1,1,1
226,1.0,173.66,179.07,16.95,19.69,1,1,1
227,3.0,300.53,54.14,26.86,12.74,1,1,1
227,1.0,172.96,179.40,15.98,19.33,1,1,1
228,3.0,299.83,54.30,25.88,12.81,1,1,1
228,1.0,172.74,180.23,16.28,19.79,1,1,1
229,3.0,297.44,54.59,27.11,11.62,1,1,1
229,1.0,172.05,180.48,16.14,20.23,1,1,1
230,3.0,297.09,54.82,26.80,11.07,1,1,1
230,1.0,170.92,181.86,17.07,19.94,1,1,1
231,3.0,295.31,55.13,27.05,11.79,1,1,1
231,1.0,170.43,182.61,15.35,20.22,1,1,1
232,3.0,293.96,55.25,27.69,12.36,1,1,1
232,1.0,169.55,183.01,20.66,20.66,1,1,1
233,3.0,292.51,55.33,27.66,11.62,1,1,1
233,1.0,169.34,184.46,16.34,21.02,1,1,1
234,3.0,290.73,55.78,28.01,14.21,1,1,1
234,1.0,169.14,184.69,17.74,21.46,1,1,1
235,3.0,290.50,56.79,27.52,15.74,1,1,1
235,1.0,168.03,186.52,17.93,20.76,1,1,1
236,3.0,289.67,56.99,27.60,15.57,1,1,1
236,1.0,168.00,186.70,19.23,21.14,1,1,1
237,3.0,287.33,57.46,28.25,16.00,1,1,1
237,1.0,167.23,188.12,16.08,20.81,1,1,1
238,3.0,286.35,58.02,28.63,16.42,1,1,1
238,1.0,167.23,188.55,16.45,21.12,1,1,1
239,3.0,285.41,58.31,28.69,21.19,1,1,1
239,1.0,166.01,189.01,18.26,21.79,1,1,1
240,3.0,283.16,58.53,29.29,19.42,1,1,1
240,1.0,166.06,189.67,18.99,22.12,1,1,1
241,3.0,282.85,58.40,27.38,14.37,1,1,1
241,1.0,166.58,192.46,16.68,20.60,1,1,1
242,3.0,281.44,58.11,27.58,14.82,1,1,1
242,1.0,166.04,191.87,15.22,21.44,1,1,1
243,3.0,281.07,57.91,26.16,14.56,1,1,1
243,1.0,165.41,191.85,15.96,21.44,1,1,1
244,3.0,279.12,57.84,27.62,15.08,1,1,1
244,1.0,164.58,191.88,16.47,20.71,1,1,1
245,3.0,277.10,57.63,28.99,15.19,1,1,1
245,1.0,163.47,192.71,15.44,21.32,1,1,1
246,3.0,275.48,57.83,29.30,15.91,1,1,1
246,1.0,162.68,193.40,15.90,22.37,1,1,1
247,3.0,274.45,58.13,32.86,15.62,1,1,1
247,1.0,162.85,193.92,15.93,22.02,1,1,1
248,3.0,273.96,58.37,31.72,14.36,1,1,1
248,1.0,162.43,193.97,16.47,22.19,1,1,1
249,3.0,273.81,58.47,31.59,14.65,1,1,1
249,1.0,162.46,194.20,16.35,22.28,1,1,1
250,3.0,272.74,58.60,28.71,14.10,1,1,1
250,1.0,162.10,193.81,17.49,23.20,1,1,1
251,3.0,272.46,58.86,27.35,13.82,1,1,1
251,1.0,162.17,193.50,19.69,24.67,1,1,1
252,3.0,272.11,59.00,27.49,14.05,1,1,1
252,1.0,162.18,193.75,19.42,24.91,1,1,1
253,3.0,271.51,59.11,27.34,13.95,1,1,1
253,1.0,162.25,194.66,18.57,24.59,1,1,1
254,3.0,270.80,59.14,27.07,13.72,1,1,1
254,1.0,162.38,195.53,19.18,24.22,1,1,1
255,3.0,270.47,59.30,26.78,13.72,1,1,1
255,1.0,162.38,195.46,18.58,24.30,1,1,1
256,3.0,269.53,59.23,27.66,13.63,1,1,1
256,1.0,162.49,195.61,17.71,24.25,1,1,1
257,3.0,269.18,58.67,28.16,14.77,1,1,1
257,1.0,162.70,195.46,17.41,23.84,1,1,1
258,3.0,269.00,58.41,28.06,15.35,1,1,1
258,1.0,163.08,195.38,16.89,23.69,1,1,1
259,3.0,269.08,58.32,27.74,16.72,1,1,1
259,1.0,163.38,194.73,16.78,23.89,1,1,1
260,3.0,269.56,58.28,27.81,16.71,1,1,1
260,1.0,163.91,194.40,16.36,24.05,1,1,1
261,3.0,270.95,58.44,27.55,16.37,1,1,1
261,1.0,165.37,193.66,17.24,23.73,1,1,1
262,3.0,271.59,58.53,27.44,15.62,1,1,1
262,1.0,166.49,193.85,15.45,23.28,1,1,1
263,3.0,272.35,58.62,26.93,15.85,1,1,1
263,1.0,167.21,193.82,17.87,23.36,1,1,1
264,3.0,273.01,58.78,26.28,15.97,1,1,1
264,1.0,168.18,193.67,17.68,23.57,1,1,1
265,3.0,274.39,58.90,27.98,14.78,1,1,1
265,1.0,169.29,194.72,16.82,22.43,1,1,1
266,3.0,276.36,58.98,26.63,14.39,1,1,1
266,1.0,170.15,193.69,16.86,23.29,1,1,1
267,3.0,278.47,58.94,26.29,14.41,1,1,1
267,1.0,171.52,193.18,16.75,23.21,1,1,1
268,3.0,278.98,58.93,26.95,14.40,1,1,1
268,1.0,172.98,192.64,16.90,22.55,1,1,1
269,3.0,279.73,58.98,26.26,14.35,1,1,1
269,1.0,174.06,192.62,16.46,22.48,1,1,1
270,3.0,281.25,59.01,26.10,14.42,1,1,1
270,1.0,175.14,191.11,18.14,24.03,1,1,1
271,3.0,282.03,59.31,27.26,13.86,1,1,1
271,1.0,176.10,190.92,17.81,23.87,1,1,1
272,3.0,282.84,60.05,27.53,13.54,1,1,1
272,1.0,178.01,191.07,15.83,22.62,1,1,1
273,3.0,282.03,59.69,30.28,25.88,1,1,1
273,1.0,179.00,189.38,16.87,23.24,1,1,1
274,3.0,283.15,59.32,30.39,26.34,1,1,1
274,1.0,179.87,188.97,16.98,22.80,1,1,1
275,4.0,225.25,132.28,14.74,12.49,1,1,1
275,3.0,283.56,59.09,30.48,25.15,1,1,1
275,1.0,180.47,188.16,18.24,23.35,1,1,1
276,4.0,225.98,132.30,14.61,12.11,1,1,1
276,3.0,285.66,59.16,29.44,23.49,1,1,1
276,1.0,181.23,188.43,16.82,22.00,1,1,1
277,4.0,226.54,132.45,15.89,10.55,1,1,1
277,3.0,287.88,59.01,27.17,15.23,1,1,1
277,1.0,182.96,186.79,16.44,22.68,1,1,1
278,4.0,228.21,132.07,14.34,10.59,1,1,1
278,3.0,289.21,58.60,27.55,16.47,1,1,1
278,1.0,184.11,185.63,16.86,23.36,1,1,1
279,4.0,228.53,130.89,16.10,11.64,1,1,1
279,3.0,289.74,58.22,27.94,16.36,1,1,1
279,1.0,184.00,185.52,17.05,22.90,1,1,1
280,4.0,228.34,130.68,17.26,11.79,1,1,1
280,3.0,290.44,58.20,28.18,16.43,1,1,1
280,1.0,184.79,185.65,16.47,23.04,1,1,1
281,4.0,230.14,130.41,16.24,10.37,1,1,1
281,3.0,292.11,58.22,26.91,14.27,1,1,1
281,1.0,186.78,184.86,16.63,23.02,1,1,1
282,4.0,231.05,130.25,15.65,10.17,1,1,1
282,3.0,292.44,58.02,27.21,14.19,1,1,1
282,1.0,186.85,184.84,16.48,22.52,1,1,1
283,4.0,232.40,129.39,16.46,9.55,1,1,1
283,3.0,292.61,57.87,28.28,14.30,1,1,1
283,1.0,188.05,182.86,17.64,23.67,1,1,1
284,3.0,293.60,57.60,27.51,14.43,1,1,1
284,1.0,188.68,182.90,17.17,23.15,1,1,1
285,3.0,295.55,57.39,26.68,14.62,1,1,1
285,1.0,190.41,182.06,16.75,23.56,1,1,1
286,3.0,296.51,56.00,26.45,13.68,1,1,1
286,1.0,190.85,181.93,16.51,23.92,1,1,1
287,3.0,296.63,56.96,27.53,15.05,1,1,1
287,1.0,191.54,180.79,16.30,23.52,1,1,1
288,3.0,297.22,56.73,27.84,15.30,1,1,1
288,1.0,191.92,180.12,16.70,24.00,1,1,1
289,1.0,191.92,179.55,17.23,23.45,1,1,1
290,1.0,192.28,179.16,17.29,23.87,1,1,1
291,1.0,194.01,177.93,16.88,24.60,1,1,1
292,1.0,194.04,177.83,17.22,23.93,1,1,1
293,1.0,194.07,178.25,17.19,22.97,1,1,1
294,4.0,240.04,125.79,14.59,11.65,1,1,1
294,1.0,194.24,178.23,16.67,22.94,1,1,1
295,4.0,240.21,125.02,15.55,12.14,1,1,1
295,1.0,194.46,177.86,16.60,22.87,1,1,1
296,8.0,301.08,54.75,28.16,9.89,1,1,1
296,4.0,240.48,124.82,16.57,11.82,1,1,1
296,1.0,194.81,177.21,16.51,23.23,1,1,1
297,8.0,301.58,54.60,28.17,9.88,1,1,1
297,4.0,240.39,125.07,16.46,11.56,1,1,1
297,1.0,194.93,176.68,16.25,22.42,1,1,1
298,8.0,302.52,54.62,27.50,9.92,1,1,1
298,4.0,240.90,124.87,15.80,11.62,1,1,1
298,1.0,195.43,176.05,15.93,23.02,1,1,1
299,8.0,303.02,54.47,26.97,9.93,1,1,1
299,4.0,241.48,124.32,15.84,11.91,1,1,1
299,1.0,195.50,176.11,14.92,22.25,1,1,1
300,8.0,303.18,54.47,27.03,9.98,1,1,1
300,4.0,242.63,124.18,15.14,11.92,1,1,1
300,1.0,195.32,175.79,13.64,22.19,1,1,1
301,8.0,303.39,54.51,27.93,9.98,1,1,1
301,4.0,242.67,123.98,16.50,12.03,1,1,1
301,1.0,196.90,175.31,17.03,22.58,1,1,1
302,8.0,303.69,54.50,27.73,10.00,1,1,1
302,4.0,242.83,123.96,16.18,12.04,1,1,1
302,1.0,197.11,175.27,16.88,22.21,1,1,1
303,8.0,304.60,54.36,27.08,10.26,1,1,1
303,4.0,243.59,122.95,17.00,13.05,1,1,1
303,1.0,197.41,174.07,16.70,22.49,1,1,1
304,8.0,304.75,54.31,27.96,10.36,1,1,1
304,4.0,245.10,120.00,15.76,13.30,1,1,1
304,1.0,197.78,173.59,17.00,22.09,1,1,1
305,8.0,305.16,54.11,28.13,11.28,1,1,1
305,4.0,245.14,120.00,15.76,12.97,1,1,1
305,1.0,198.02,173.06,16.57,22.55,1,1,1
306,8.0,305.02,53.75,28.73,11.86,1,1,1
306,4.0,245.31,120.00,15.85,13.02,1,1,1
306,1.0,198.22,172.11,16.85,21.96,1,1,1
307,8.0,304.85,53.36,29.13,12.09,1,1,1
307,4.0,244.99,120.00,16.34,12.54,1,1,1
307,1.0,198.17,170.99,16.55,22.66,1,1,1
308,8.0,304.85,53.25,29.20,12.13,1,1,1
308,4.0,245.03,120.00,16.27,12.37,1,1,1
308,1.0,198.02,171.03,17.01,22.95,1,1,1
309,8.0,304.18,53.18,29.22,12.22,1,1,1
309,4.0,244.83,120.00,16.40,12.31,1,1,1
309,1.0,197.77,170.95,17.43,23.00,1,1,1
310,8.0,304.17,53.11,29.20,12.30,1,1,1
310,4.0,244.68,120.00,15.87,12.32,1,1,1
310,1.0,197.89,171.23,17.02,22.63,1,1,1
311,8.0,304.32,53.11,28.94,12.20,1,1,1
311,4.0,244.47,120.00,14.57,10.82,1,1,1
311,1.0,195.95,171.22,18.42,22.55,1,1,1
312,8.0,304.26,53.14,28.98,11.90,1,1,1
312,4.0,244.28,119.99,15.64,10.55,1,1,1
312,1.0,195.69,171.14,18.77,22.61,1,1,1
313,8.0,304.21,53.18,28.85,11.75,1,1,1
313,4.0,244.35,120.00,15.53,11.16,1,1,1
313,1.0,195.14,171.08,18.96,22.44,1,1,1
314,8.0,304.22,53.27,28.34,11.42,1,1,1
314,4.0,243.27,119.99,15.82,11.73,1,1,1
314,1.0,194.61,171.01,18.72,22.50,1,1,1
315,8.0,303.35,53.28,28.53,11.19,1,1,1
315,4.0,242.75,119.99,15.26,11.66,1,1,1
315,1.0,194.31,170.83,18.18,22.55,1,1,1
316,8.0,302.59,53.30,28.64,10.88,1,1,1
316,4.0,242.13,119.99,16.52,10.85,1,1,1
316,1.0,193.71,171.11,18.11,22.30,1,1,1
317,8.0,302.14,53.40,27.90,10.90,1,1,1
317,4.0,240.99,120.00,16.28,11.33,1,1,1
317,1.0,192.66,171.16,18.74,22.45,1,1,1
318,8.0,300.69,53.34,28.88,10.33,1,1,1
318,4.0,240.54,120.00,16.47,11.98,1,1,1
318,1.0,191.87,171.07,18.11,22.37,1,1,1
319,8.0,299.59,53.33,28.91,11.23,1,1,1
319,4.0,239.67,120.00,15.76,13.41,1,1,1
319,1.0,190.81,171.09,18.28,22.18,1,1,1
320,8.0,297.54,53.23,30.18,10.96,1,1,1
320,4.0,238.86,120.00,15.26,12.65,1,1,1
320,1.0,190.45,171.50,17.93,23.00,1,1,1
321,8.0,296.85,53.12,28.88,11.57,1,1,1
321,4.0,238.70,120.00,14.84,12.04,1,1,1
321,1.0,190.00,174.05,17.73,19.40,1,1,1
322,8.0,296.50,53.17,28.79,11.15,1,1,1
322,4.0,237.15,120.00,16.34,12.14,1,1,1
322,1.0,188.86,173.73,18.58,19.64,1,1,1
323,8.0,296.36,53.25,28.56,10.88,1,1,1
323,4.0,236.81,120.00,16.52,12.17,1,1,1
323,1.0,188.19,173.76,19.36,19.64,1,1,1
324,8.0,295.48,53.20,28.74,10.15,1,1,1
324,4.0,235.44,120.00,16.88,12.90,1,1,1
324,1.0,187.85,173.67,18.07,19.87,1,1,1
325,8.0,294.59,53.15,28.49,10.49,1,1,1
325,4.0,234.59,120.00,16.06,12.49,1,1,1
325,1.0,186.82,173.38,18.34,20.91,1,1,1
326,8.0,293.43,53.11,28.43,10.35,1,1,1
326,4.0,233.77,120.00,15.27,12.77,1,1,1
326,1.0,186.26,174.23,17.89,20.85,1,1,1
327,8.0,292.82,53.25,28.81,10.46,1,1,1
327,4.0,232.48,120.00,15.58,12.94,1,1,1
327,1.0,184.88,173.39,18.63,22.35,1,1,1
328,8.0,291.84,53.34,29.49,11.04,1,1,1
328,1.0,182.98,172.93,19.45,22.75,1,1,1
329,8.0,290.48,53.19,29.84,11.11,1,1,1
329,1.0,182.70,173.28,18.88,22.71,1,1,1
330,8.0,289.62,53.25,29.94,11.14,1,1,1
330,1.0,181.96,172.91,19.89,22.77,1,1,1
331,8.0,288.94,53.41,28.40,10.81,1,1,1
331,1.0,181.62,172.71,19.83,22.96,1,1,1
332,8.0,287.71,53.23,28.31,10.32,1,1,1
332,1.0,182.71,175.21,18.25,21.21,1,1,1
333,8.0,286.54,53.48,28.04,10.14,1,1,1
333,1.0,181.78,175.95,17.64,21.36,1,1,1
334,8.0,285.70,53.44,28.05,10.35,1,1,1
334,1.0,181.12,175.95,16.99,21.26,1,1,1
335,8.0,284.75,53.45,28.01,10.55,1,1,1
335,1.0,180.07,176.29,17.76,21.06,1,1,1
336,8.0,283.89,53.49,28.21,10.79,1,1,1
336,1.0,180.12,176.61,17.73,21.15,1,1,1
337,8.0,283.09,53.61,28.60,10.74,1,1,1
337,1.0,179.44,176.86,17.45,21.02,1,1,1
338,8.0,282.65,53.72,27.99,10.65,1,1,1
338,4.0,224.00,120.00,18.29,11.85,1,1,1
338,1.0,178.66,176.99,18.12,20.53,1,1,1
339,8.0,281.54,54.27,27.98,9.65,1,1,1
339,1.0,178.53,176.99,17.67,21.62,1,1,1
340,8.0,281.16,54.64,27.51,9.43,1,1,1
340,1.0,178.69,177.42,16.57,20.88,1,1,1
341,8.0,280.33,54.80,27.92,9.43,1,1,1
341,1.0,177.13,177.41,17.73,23.07,1,1,1
342,8.0,280.30,54.82,27.92,9.46,1,1,1
342,1.0,176.93,177.52,17.92,22.92,1,1,1
343,8.0,279.79,54.94,27.78,9.46,1,1,1
343,1.0,176.77,178.09,17.89,22.45,1,1,1
344,8.0,279.39,55.11,27.99,9.57,1,1,1
344,1.0,176.40,178.24,18.07,22.11,1,1,1
345,8.0,279.16,55.23,27.82,9.17,1,1,1
345,1.0,176.66,178.39,17.17,22.03,1,1,1
346,8.0,279.10,55.30,27.08,9.32,1,1,1
346,1.0,176.43,179.00,17.60,21.95,1,1,1
347,9.0,220.28,126.36,16.23,11.86,1,1,1
347,8.0,278.46,55.62,28.02,9.27,1,1,1
347,1.0,176.70,179.73,15.80,21.38,1,1,1
348,9.0,220.04,126.44,16.23,11.65,1,1,1
348,8.0,276.97,55.69,28.91,9.35,1,1,1
348,1.0,176.16,180.28,16.14,21.93,1,1,1
349,9.0,220.08,126.48,16.25,11.64,1,1,1
349,8.0,275.93,55.81,28.29,9.34,1,1,1
349,1.0,176.11,180.44,16.01,22.21,1,1,1
350,9.0,218.81,126.59,16.75,11.33,1,1,1
350,8.0,275.81,55.94,28.08,9.53,1,1,1
350,1.0,176.07,180.40,16.12,22.26,1,1,1
351,9.0,218.79,127.37,16.65,9.75,1,1,1
351,8.0,274.90,55.95,28.32,9.73,1,1,1
351,1.0,175.35,181.28,16.83,21.54,1,1,1
352,9.0,218.81,127.39,16.79,9.77,1,1,1
352,8.0,274.95,55.96,27.41,9.83,1,1,1
352,1.0,175.38,181.22,16.69,21.82,1,1,1
353,9.0,217.75,128.02,17.65,9.45,1,1,1
353,8.0,274.33,55.94,27.75,10.09,1,1,1
353,1.0,175.20,181.63,16.60,21.47,1,1,1
354,9.0,217.50,128.74,18.06,10.49,1,1,1
354,8.0,274.18,55.90,27.47,10.10,1,1,1
354,1.0,175.37,182.34,16.50,22.24,1,1,1
355,9.0,216.77,128.86,18.57,10.70,1,1,1
355,8.0,273.21,55.99,26.97,10.29,1,1,1
355,1.0,174.95,182.15,16.82,22.20,1,1,1
356,9.0,216.52,128.74,19.02,11.34,1,1,1
356,8.0,272.94,55.99,27.14,10.41,1,1,1
356,1.0,174.77,182.61,16.50,21.42,1,1,1
357,9.0,216.53,128.92,17.92,11.07,1,1,1
357,8.0,272.56,55.99,26.27,10.55,1,1,1
357,1.0,174.59,182.40,16.47,21.41,1,1,1
358,9.0,216.64,129.08,16.93,10.70,1,1,1
358,8.0,272.00,56.00,26.93,10.59,1,1,1
358,1.0,174.53,182.56,16.49,21.35,1,1,1
359,9.0,216.65,129.25,16.66,10.41,1,1,1
359,8.0,271.93,56.00,26.74,11.13,1,1,1
359,1.0,174.62,183.09,16.64,21.28,1,1,1
360,9.0,216.43,129.49,16.71,9.99,1,1,1
360,8.0,271.24,56.00,27.39,11.68,1,1,1
360,1.0,174.65,183.09,16.60,21.44,1,1,1
361,9.0,216.02,129.74,18.24,8.81,1,1,1
361,8.0,270.85,58.08,27.82,15.25,1,1,1
361,1.0,173.95,184.79,17.25,20.35,1,1,1
362,9.0,215.89,130.24,16.91,8.10,1,1,1
362,8.0,269.86,56.00,28.51,10.98,1,1,1
362,1.0,173.93,185.13,17.19,20.29,1,1,1
363,9.0,216.04,130.52,16.80,7.75,1,1,1
363,8.0,270.21,58.84,27.18,14.16,1,1,1
363,1.0,173.94,185.77,17.10,20.04,1,1,1
364,9.0,216.03,130.67,16.47,8.39,1,1,1
364,8.0,269.56,58.79,27.26,14.11,1,1,1
364,1.0,173.93,185.80,17.18,20.36,1,1,1
365,9.0,216.06,130.65,16.43,8.36,1,1,1
365,8.0,269.23,58.80,27.54,14.09,1,1,1
365,1.0,173.92,185.81,17.27,20.64,1,1,1
366,9.0,215.97,130.65,16.54,7.95,1,1,1
366,8.0,269.30,58.82,27.90,14.19,1,1,1
366,1.0,174.07,185.32,17.08,20.83,1,1,1
367,9.0,215.94,130.55,16.73,7.63,1,1,1
367,8.0,269.37,58.65,27.79,14.57,1,1,1
367,1.0,174.11,184.95,17.20,20.70,1,1,1
368,9.0,215.93,130.47,16.64,7.66,1,1,1
368,8.0,269.39,58.66,27.83,14.55,1,1,1
368,1.0,174.00,184.99,17.34,21.34,1,1,1
369,9.0,215.97,130.45,16.91,8.18,1,1,1
369,8.0,269.40,58.65,27.89,14.52,1,1,1
369,1.0,174.09,185.00,17.22,21.27,1,1,1
370,9.0,216.21,130.63,17.11,8.09,1,1,1
370,8.0,269.33,58.65,27.95,14.44,1,1,1
370,1.0,174.88,185.24,17.22,20.83,1,1,1
371,9.0,217.53,130.73,15.97,8.07,1,1,1
371,8.0,269.55,58.83,28.06,13.79,1,1,1
371,1.0,175.86,185.34,16.57,20.65,1,1,1
372,9.0,217.58,130.61,16.44,8.15,1,1,1
372,8.0,269.81,58.81,28.16,14.47,1,1,1
372,3.0,195.07,136.36,13.14,11.75,1,1,1
372,1.0,175.79,185.34,16.79,20.16,1,1,1
373,9.0,218.25,130.68,16.52,7.81,1,1,1
373,8.0,270.19,58.79,28.65,14.18,1,1,1
373,3.0,196.10,136.08,12.85,11.23,1,1,1
373,1.0,176.56,184.63,16.78,20.67,1,1,1
374,9.0,219.30,130.46,16.47,8.45,1,1,1
374,8.0,270.44,58.59,29.00,15.18,1,1,1
374,3.0,195.95,135.85,14.47,9.68,1,1,1
374,1.0,176.58,184.33,17.07,20.91,1,1,1
375,9.0,219.31,130.56,16.88,8.35,1,1,1
375,8.0,271.20,58.37,28.57,15.62,1,1,1
375,3.0,195.91,135.89,14.55,9.49,1,1,1
375,1.0,177.21,184.29,17.97,20.28,1,1,1
376,9.0,219.27,130.56,17.41,8.44,1,1,1
376,8.0,271.65,58.13,28.52,15.97,1,1,1
376,1.0,177.90,182.56,18.29,21.17,1,1,1
377,9.0,221.88,129.47,15.73,7.71,1,1,1
377,8.0,272.10,57.76,28.60,17.11,1,1,1
377,1.0,178.59,182.13,17.57,21.34,1,1,1
378,9.0,221.90,129.40,16.85,7.80,1,1,1
378,1.0,179.16,181.55,17.54,21.99,1,1,1
379,9.0,222.84,129.09,16.80,8.23,1,1,1
379,4.0,273.74,55.99,27.15,10.83,1,1,1
379,1.0,180.57,181.38,17.19,21.25,1,1,1
380,9.0,223.03,128.99,17.63,8.40,1,1,1
380,4.0,274.33,55.99,27.07,10.81,1,1,1
380,1.0,180.76,181.27,16.99,20.20,1,1,1
381,9.0,223.96,128.96,17.51,8.40,1,1,1
381,4.0,275.05,55.99,27.83,10.98,1,1,1
381,1.0,181.82,181.36,23.48,20.06,1,1,1
382,9.0,224.51,128.85,17.83,8.52,1,1,1
382,4.0,275.63,55.98,27.95,10.96,1,1,1
382,1.0,182.16,180.92,23.31,19.97,1,1,1
383,9.0,226.65,128.67,15.86,7.96,1,1,1
383,4.0,276.10,55.99,27.97,11.12,1,1,1
383,1.0,182.92,180.80,23.82,19.99,1,1,1
384,9.0,226.66,128.55,16.00,8.18,1,1,1
384,4.0,276.20,55.99,28.90,10.75,1,1,1
384,1.0,183.48,180.53,21.88,20.01,1,1,1
385,9.0,226.69,128.68,16.81,8.31,1,1,1
385,4.0,276.45,55.99,29.28,11.05,1,1,1
385,1.0,183.70,180.14,22.66,20.47,1,1,1
386,9.0,227.42,128.46,16.34,8.02,1,1,1
386,4.0,276.41,55.99,29.33,11.08,1,1,1
386,1.0,184.01,180.14,23.17,20.49,1,1,1
387,9.0,227.46,128.42,16.87,7.73,1,1,1
387,4.0,276.40,55.99,29.33,11.11,1,1,1
387,1.0,184.55,180.17,22.48,20.38,1,1,1
388,9.0,228.50,128.32,15.96,7.96,1,1,1
388,4.0,276.73,56.00,29.03,11.08,1,1,1
388,1.0,185.51,180.14,21.61,20.37,1,1,1
389,9.0,228.35,128.68,16.97,7.60,1,1,1
389,4.0,278.20,56.00,27.62,11.25,1,1,1
389,1.0,185.51,179.90,21.99,21.24,1,1,1
390,9.0,229.01,128.89,16.76,7.46,1,1,1
390,8.0,277.70,57.89,27.86,18.48,1,1,1
390,4.0,278.23,56.00,27.02,11.52,1,1,1
390,1.0,186.26,180.26,21.81,21.31,1,1,1
391,9.0,229.11,129.11,17.25,7.88,1,1,1
391,8.0,277.37,58.04,28.51,15.23,1,1,1
391,4.0,277.79,56.00,27.88,12.35,1,1,1
391,1.0,186.34,181.03,22.29,21.73,1,1,1
392,9.0,229.12,129.18,18.66,8.20,1,1,1
392,8.0,277.93,58.09,28.07,19.43,1,1,1
392,4.0,278.38,56.00,27.33,11.86,1,1,1
392,1.0,186.61,180.91,19.62,21.15,1,1,1
393,9.0,229.12,129.20,17.70,8.32,1,1,1
393,8.0,278.07,58.34,27.50,17.95,1,1,1
393,1.0,186.75,180.87,19.50,21.11,1,1,1
394,9.0,229.04,129.18,16.78,8.43,1,1,1
394,8.0,277.82,58.32,27.10,16.94,1,1,1
394,1.0,186.65,181.24,19.78,20.83,1,1,1
395,9.0,229.21,129.68,17.03,8.16,1,1,1
395,8.0,276.60,58.54,27.70,16.05,1,1,1
395,1.0,186.71,181.51,19.55,20.14,1,1,1
396,9.0,229.22,129.67,17.13,8.20,1,1,1
396,8.0,275.59,58.56,27.90,15.16,1,1,1
396,1.0,187.21,181.68,18.92,21.00,1,1,1
397,9.0,228.66,129.82,17.27,8.42,1,1,1
397,8.0,275.09,58.54,28.28,14.82,1,1,1
397,1.0,186.82,181.80,19.26,21.34,1,1,1
398,9.0,228.15,129.80,17.36,8.37,1,1,1
398,8.0,273.95,58.51,28.74,14.63,1,1,1
398,1.0,186.76,182.04,19.28,21.25,1,1,1
399,9.0,226.37,129.80,17.27,8.31,1,1,1
399,8.0,272.78,58.54,28.29,14.62,1,1,1
399,1.0,185.36,182.04,19.68,21.55,1,1,1
400,9.0,225.53,130.11,17.49,8.16,1,1,1
400,8.0,272.22,58.68,27.43,14.07,1,1,1
400,1.0,185.20,182.40,19.04,21.39,1,1,1
401,9.0,224.98,130.31,16.88,8.14,1,1,1
401,8.0,269.88,58.56,29.21,19.72,1,1,1
401,1.0,185.11,182.30,18.78,21.15,1,1,1
402,9.0,224.87,130.14,16.25,8.61,1,1,1
402,8.0,269.50,58.76,27.77,14.31,1,1,1
402,1.0,184.85,182.22,18.82,21.68,1,1,1
403,9.0,224.12,130.37,16.48,8.67,1,1,1
403,8.0,268.62,58.68,28.06,15.48,1,1,1
403,1.0,184.34,182.41,18.73,21.73,1,1,1
404,9.0,223.91,130.37,16.51,9.07,1,1,1
404,8.0,268.24,58.70,27.09,14.43,1,1,1
404,1.0,184.15,182.78,19.07,21.42,1,1,1
405,9.0,224.05,130.60,16.16,8.34,1,1,1
405,8.0,267.62,58.91,27.44,14.87,1,1,1
405,1.0,184.54,183.11,18.80,21.09,1,1,1
406,9.0,222.83,131.51,17.09,8.80,1,1,1
406,8.0,266.98,59.00,27.98,15.19,1,1,1
406,1.0,184.19,183.39,19.34,21.93,1,1,1
407,9.0,222.88,132.57,15.91,8.18,1,1,1
407,8.0,266.96,59.19,27.25,14.29,1,1,1
407,1.0,184.64,184.11,17.49,21.74,1,1,1
408,9.0,222.84,132.52,16.33,8.48,1,1,1
408,8.0,267.25,59.29,26.22,12.88,1,1,1
408,1.0,184.71,184.26,17.60,21.42,1,1,1
409,9.0,222.85,132.76,15.76,8.16,1,1,1
409,8.0,264.14,59.52,27.77,12.63,1,1,1
409,1.0,184.23,184.95,17.73,21.40,1,1,1
410,9.0,221.68,132.89,16.57,8.29,1,1,1
410,8.0,264.02,59.48,27.88,12.63,1,1,1
410,1.0,183.74,185.06,18.13,21.53,1,1,1
411,9.0,222.02,132.75,16.38,13.06,1,1,1
411,8.0,262.37,59.75,29.48,13.20,1,1,1
411,1.0,181.97,185.26,18.24,21.39,1,1,1
412,9.0,220.46,133.06,18.42,13.57,1,1,1
412,8.0,262.26,60.06,27.11,12.84,1,1,1
412,1.0,180.74,186.10,19.62,21.23,1,1,1
413,9.0,220.00,134.13,16.32,12.90,1,1,1
413,8.0,260.16,60.68,29.33,11.74,1,1,1
413,1.0,180.57,187.15,19.59,20.97,1,1,1
414,9.0,219.65,134.05,16.28,13.13,1,1,1
414,8.0,259.99,60.92,28.52,11.58,1,1,1
414,1.0,179.86,187.44,20.20,21.32,1,1,1
415,9.0,219.68,133.97,16.22,13.59,1,1,1
415,8.0,259.87,60.94,28.62,11.63,1,1,1
415,1.0,179.85,187.43,20.20,21.32,1,1,1
416,9.0,219.71,133.96,16.16,13.77,1,1,1
416,8.0,259.90,60.96,28.57,11.85,1,1,1
416,1.0,179.86,187.43,20.21,21.32,1,1,1
417,9.0,219.45,133.95,16.45,13.67,1,1,1
417,8.0,258.98,61.20,27.90,11.24,1,1,1
417,1.0,179.75,187.46,20.28,21.40,1,1,1
418,9.0,218.85,134.32,17.45,13.08,1,1,1
418,8.0,258.62,61.53,27.26,11.26,1,1,1
418,1.0,179.14,188.61,21.03,20.46,1,1,1
419,9.0,218.75,135.96,17.19,11.75,1,1,1
419,8.0,258.27,61.86,26.75,11.32,1,1,1
419,1.0,179.17,188.59,21.00,20.31,1,1,1
420,9.0,218.64,135.95,15.91,11.71,1,1,1
420,8.0,258.29,61.85,26.73,11.33,1,1,1
420,1.0,179.18,188.60,20.99,20.25,1,1,1
421,9.0,218.47,134.78,16.98,10.71,1,1,1
421,8.0,258.00,61.83,27.36,11.14,1,1,1
421,1.0,181.61,188.27,19.73,21.32,1,1,1
422,9.0,218.60,134.62,16.69,11.44,1,1,1
422,8.0,257.91,61.17,28.07,12.42,1,1,1
422,1.0,181.68,188.02,19.03,20.53,1,1,1
423,9.0,218.80,134.61,16.52,11.41,1,1,1
423,8.0,258.26,61.20,27.61,12.33,1,1,1
423,1.0,181.36,187.93,19.40,20.55,1,1,1
424,9.0,219.00,134.91,16.69,10.72,1,1,1
424,8.0,257.86,61.90,27.07,11.06,1,1,1
424,1.0,181.85,188.10,19.12,20.76,1,1,1
425,9.0,218.69,135.68,16.72,9.60,1,1,1
425,8.0,257.43,62.43,27.08,9.91,1,1,1
425,1.0,181.84,188.91,20.09,20.52,1,1,1
426,9.0,219.04,135.76,16.99,12.26,1,1,1
426,8.0,256.92,62.94,27.90,9.89,1,1,1
426,3.0,193.72,144.46,12.38,7.60,1,1,1
426,1.0,182.08,189.15,20.17,20.80,1,1,1
427,9.0,218.74,135.99,17.11,11.15,1,1,1
427,8.0,257.15,63.17,27.12,10.45,1,1,1
427,3.0,194.51,144.36,12.28,9.14,1,1,1
427,1.0,182.35,189.95,19.95,20.69,1,1,1
428,9.0,220.13,135.99,16.24,14.17,1,1,1
428,8.0,257.81,63.35,26.80,10.94,1,1,1
428,3.0,195.12,144.23,12.88,8.69,1,1,1
428,1.0,182.87,189.32,21.09,21.03,1,1,1
429,9.0,221.22,136.00,15.70,11.55,1,1,1
429,8.0,258.85,63.40,27.65,11.58,1,1,1
429,3.0,195.35,144.32,13.18,8.82,1,1,1
429,1.0,180.89,189.13,23.58,20.45,1,1,1
430,9.0,221.92,135.99,16.08,14.41,1,1,1
430,8.0,259.17,63.39,27.83,11.36,1,1,1
430,3.0,195.96,144.34,13.09,7.99,1,1,1
430,1.0,181.01,188.91,24.37,20.51,1,1,1
431,9.0,222.14,136.00,16.71,9.74,1,1,1
431,8.0,259.65,63.69,28.49,11.49,1,1,1
431,3.0,195.61,144.38,13.89,8.02,1,1,1
431,1.0,186.33,188.96,18.73,21.03,1,1,1
432,9.0,222.61,136.00,16.44,10.05,1,1,1
432,8.0,260.19,64.32,28.56,11.71,1,1,1
432,3.0,197.75,144.59,12.90,7.62,1,1,1
432,1.0,186.84,189.22,18.97,20.89,1,1,1
433,9.0,223.48,136.00,16.29,10.27,1,1,1
433,8.0,261.09,64.59,27.91,11.48,1,1,1
433,3.0,198.08,144.63,13.13,7.48,1,1,1
433,1.0,187.86,189.36,18.70,20.97,1,1,1
434,9.0,223.44,136.00,16.53,10.43,1,1,1
434,8.0,262.12,64.55,27.98,11.61,1,1,1
434,3.0,198.08,144.64,12.96,7.48,1,1,1
434,1.0,188.24,189.20,19.15,21.10,1,1,1
435,9.0,224.14,136.00,16.02,10.17,1,1,1
435,8.0,262.20,64.49,28.44,11.80,1,1,1
435,1.0,189.04,188.85,18.34,20.61,1,1,1
436,9.0,224.58,136.00,15.95,10.01,1,1,1
436,8.0,262.22,64.43,28.39,11.99,1,1,1
436,1.0,189.24,188.87,18.37,20.55,1,1,1
437,9.0,224.69,136.00,15.79,10.02,1,1,1
437,8.0,262.91,64.46,28.28,12.05,1,1,1
437,1.0,189.38,188.89,19.62,20.64,1,1,1
438,9.0,227.30,136.00,14.21,9.93,1,1,1
438,8.0,262.80,64.45,28.46,11.69,1,1,1
438,1.0,189.34,188.35,20.76,20.68,1,1,1
439,9.0,227.70,135.99,15.22,8.90,1,1,1
439,8.0,263.74,64.29,28.52,11.44,1,1,1
439,1.0,190.10,187.79,20.66,20.85,1,1,1
440,9.0,227.67,136.00,15.73,11.71,1,1,1
440,8.0,264.27,64.31,28.27,11.35,1,1,1
440,1.0,189.98,187.46,20.22,21.24,1,1,1
441,9.0,228.32,136.97,18.08,9.20,1,1,1
441,8.0,265.47,64.29,28.02,11.53,1,1,1
441,1.0,191.17,186.90,19.75,21.63,1,1,1
442,9.0,228.95,136.88,18.47,8.25,1,1,1
442,8.0,266.75,64.56,27.54,11.88,1,1,1
442,1.0,191.60,186.87,20.12,21.87,1,1,1
443,9.0,229.02,137.03,19.01,9.04,1,1,1
443,8.0,267.33,64.77,27.52,12.01,1,1,1
443,1.0,191.45,186.83,20.41,21.95,1,1,1
444,9.0,229.55,137.32,18.20,12.93,1,1,1
444,8.0,267.03,64.81,27.79,12.67,1,1,1
444,1.0,191.93,186.85,20.12,22.01,1,1,1
445,9.0,229.39,137.38,18.24,12.47,1,1,1
445,8.0,266.84,64.83,27.76,12.48,1,1,1
445,1.0,192.01,187.15,20.33,21.74,1,1,1
446,9.0,229.51,137.89,17.40,13.16,1,1,1
446,8.0,266.48,65.18,27.59,14.01,1,1,1
446,1.0,192.00,187.43,20.52,21.91,1,1,1
447,9.0,229.89,138.05,17.47,13.25,1,1,1
447,8.0,266.59,65.59,27.67,13.87,1,1,1
447,1.0,191.74,187.90,20.85,21.76,1,1,1
448,9.0,229.83,138.08,17.51,13.51,1,1,1
448,8.0,266.67,65.61,27.78,13.81,1,1,1
448,1.0,192.34,187.92,20.19,22.17,1,1,1
449,9.0,230.26,138.07,17.15,13.76,1,1,1
449,8.0,267.29,65.75,27.87,13.91,1,1,1
449,1.0,192.49,187.09,20.77,22.69,1,1,1
450,9.0,230.22,138.07,17.52,13.80,1,1,1
450,8.0,268.37,65.90,27.01,14.19,1,1,1
450,1.0,192.67,187.09,20.31,22.15,1,1,1
451,9.0,230.85,138.23,17.06,12.70,1,1,1
451,8.0,268.13,66.19,27.26,13.78,1,1,1
451,1.0,193.94,187.33,19.22,21.78,1,1,1
452,9.0,230.64,138.57,15.70,11.72,1,1,1
452,8.0,267.68,66.70,26.94,13.79,1,1,1
452,1.0,194.19,188.25,19.00,21.57,1,1,1
453,9.0,229.68,138.70,15.97,11.42,1,1,1
453,8.0,267.19,66.95,27.05,13.53,1,1,1
453,1.0,193.62,188.64,19.85,21.66,1,1,1
454,9.0,229.07,138.70,16.09,11.80,1,1,1
454,8.0,266.46,66.86,27.56,13.49,1,1,1
454,1.0,193.09,188.63,19.79,21.53,1,1,1
455,9.0,228.49,138.38,15.58,11.21,1,1,1
455,8.0,264.93,66.57,28.24,13.94,1,1,1
455,1.0,192.71,188.07,20.42,22.07,1,1,1
456,9.0,228.00,138.43,16.08,10.40,1,1,1
456,8.0,264.60,66.45,28.09,14.33,1,1,1
456,1.0,192.17,188.11,20.53,22.45,1,1,1
457,9.0,227.78,138.47,16.20,10.31,1,1,1
457,8.0,263.34,66.54,28.00,14.51,1,1,1
457,1.0,191.55,188.26,20.93,21.97,1,1,1
458,9.0,227.42,139.03,15.55,8.23,1,1,1
458,8.0,262.81,66.85,27.82,14.01,1,1,1
458,1.0,191.62,188.25,20.88,21.68,1,1,1
459,9.0,226.07,139.60,15.63,8.30,1,1,1
459,8.0,262.66,67.00,27.63,13.95,1,1,1
459,1.0,189.69,189.03,21.61,22.18,1,1,1
460,9.0,225.41,140.17,15.56,8.46,1,1,1
460,8.0,261.33,67.37,27.59,13.93,1,1,1
460,1.0,189.44,189.56,20.55,21.88,1,1,1
