1,4.0,200.43,167.91,29.03,13.20,1,1,1
1,3.0,309.73,86.92,25.09,11.13,1,1,1
1,2.0,948.66,148.97,14.16,11.21,1,1,1
1,1.0,144.39,238.39,13.67,20.80,1,1,1
2,4.0,200.08,166.81,30.19,12.19,1,1,1
2,3.0,310.42,85.97,25.50,11.15,1,1,1
2,2.0,949.32,150.77,14.23,10.10,1,1,1
2,1.0,144.64,237.93,13.65,20.92,1,1,1
3,4.0,200.89,166.03,30.44,11.62,1,1,1
3,3.0,310.65,84.93,25.53,11.48,1,1,1
3,2.0,950.78,151.80,13.20,10.31,1,1,1
3,1.0,145.26,236.62,13.71,20.65,1,1,1
4,4.0,200.82,165.87,29.94,11.60,1,1,1
4,3.0,310.20,84.44,25.93,11.74,1,1,1
4,2.0,950.95,151.93,13.46,11.35,1,1,1
4,1.0,145.46,236.59,13.59,20.63,1,1,1
5,4.0,201.80,165.55,28.82,12.88,1,1,1
5,3.0,310.85,83.54,24.97,12.34,1,1,1
5,2.0,950.95,151.94,13.46,11.40,1,1,1
5,1.0,146.11,236.20,13.83,21.24,1,1,1
6,4.0,201.73,164.11,30.42,14.01,1,1,1
6,3.0,310.89,83.29,24.98,12.59,1,1,1
6,2.0,951.08,151.94,13.38,11.57,1,1,1
6,1.0,147.71,235.54,13.96,21.36,1,1,1
7,4.0,203.94,163.59,28.25,13.26,1,1,1
7,3.0,310.89,83.24,24.96,12.82,1,1,1
7,1.0,148.25,235.71,13.83,21.09,1,1,1
8,4.0,203.93,163.65,28.17,12.97,1,1,1
8,3.0,310.54,82.36,25.39,13.40,1,1,1
8,1.0,149.63,235.89,13.28,20.60,1,1,1
9,4.0,204.40,163.68,27.85,12.33,1,1,1
9,3.0,310.64,82.29,25.21,13.14,1,1,1
9,1.0,150.15,235.88,13.74,20.67,1,1,1
10,4.0,204.40,163.76,27.86,10.55,1,1,1
10,3.0,310.50,81.95,25.40,12.40,1,1,1
10,1.0,150.17,234.91,13.44,21.53,1,1,1
11,4.0,203.70,162.70,18.58,12.31,1,1,1
11,3.0,310.15,81.31,26.48,12.64,1,1,1
11,1.0,150.69,232.85,12.20,22.62,1,1,1
12,4.0,203.78,162.09,18.65,12.78,1,1,1
12,3.0,309.89,79.93,26.15,12.85,1,1,1
12,1.0,150.64,232.66,12.50,22.57,1,1,1
13,4.0,203.96,161.41,18.59,13.20,1,1,1
13,3.0,310.20,79.66,25.64,11.35,1,1,1
13,1.0,150.81,232.27,12.62,21.08,1,1,1
14,4.0,204.02,160.47,18.36,13.68,1,1,1
14,3.0,310.58,78.35,24.81,10.58,1,1,1
14,1.0,150.81,232.28,12.60,21.20,1,1,1
15,4.0,203.93,160.51,18.03,13.70,1,1,1
15,3.0,310.54,77.13,25.34,11.54,1,1,1
16,4.0,203.12,158.46,18.12,14.59,1,1,1
16,3.0,310.55,76.27,25.24,11.91,1,1,1
17,4.0,203.22,158.50,17.88,14.50,1,1,1
17,3.0,310.36,75.42,25.41,12.86,1,1,1
18,4.0,203.64,156.90,16.19,14.77,1,1,1
18,3.0,308.72,71.99,25.57,12.73,1,1,1
19,4.0,204.40,156.13,20.14,14.85,1,1,1
20,4.0,204.93,156.13,19.23,13.81,1,1,1
21,4.0,204.95,155.57,17.42,15.50,1,1,1
22,4.0,205.17,155.61,17.30,15.41,1,1,1
27,1.0,158.40,229.88,13.71,22.58,1,1,1
28,1.0,159.08,230.28,14.01,22.17,1,1,1
29,3.0,304.33,71.75,26.68,9.71,1,1,1
29,1.0,159.11,230.25,13.83,22.16,1,1,1
30,3.0,303.98,71.45,25.76,9.11,1,1,1
30,1.0,159.57,229.57,14.00,12.34,1,1,1
31,3.0,303.77,70.68,27.31,9.20,1,1,1
31,1.0,160.04,228.32,14.66,22.62,1,1,1
32,3.0,304.42,70.41,26.13,9.28,1,1,1
32,1.0,160.07,229.29,14.57,20.73,1,1,1
33,3.0,302.99,68.91,26.48,9.76,1,1,1
33,1.0,160.57,228.35,14.88,21.89,1,1,1
34,3.0,303.00,67.92,26.32,9.93,1,1,1
34,1.0,161.06,227.71,15.24,20.58,1,1,1
35,3.0,303.23,67.71,25.84,10.61,1,1,1
35,1.0,161.07,227.70,15.37,20.58,1,1,1
36,3.0,303.22,66.97,26.12,10.30,1,1,1
36,1.0,161.99,225.72,15.07,21.18,1,1,1
37,3.0,303.12,66.35,26.18,10.53,1,1,1
37,1.0,162.44,225.43,14.87,21.36,1,1,1
38,3.0,303.12,66.15,26.74,10.45,1,1,1
38,1.0,162.66,225.16,14.36,21.54,1,1,1
39,3.0,303.31,66.12,26.32,10.19,1,1,1
39,1.0,163.32,224.35,14.90,22.31,1,1,1
40,3.0,303.26,66.11,26.15,10.15,1,1,1
40,1.0,163.61,225.00,15.45,21.48,1,1,1
41,3.0,302.52,66.10,26.34,9.81,1,1,1
41,1.0,164.56,224.71,14.58,20.95,1,1,1
42,4.0,210.26,150.40,20.26,13.14,1,1,1
42,3.0,302.52,66.10,26.33,9.81,1,1,1
42,1.0,164.66,224.65,14.52,21.41,1,1,1
43,4.0,210.35,150.40,20.60,13.07,1,1,1
43,3.0,302.18,65.93,26.51,10.51,1,1,1
43,1.0,165.35,224.43,14.09,21.60,1,1,1
44,4.0,210.40,150.41,20.95,13.03,1,1,1
44,3.0,301.72,65.80,26.86,9.92,1,1,1
44,1.0,165.41,224.37,14.37,21.69,1,1,1
45,4.0,210.74,150.02,23.96,13.54,1,1,1
45,3.0,301.28,65.76,26.61,10.19,1,1,1
45,1.0,165.82,224.06,14.24,21.39,1,1,1
46,4.0,210.79,150.07,24.12,12.30,1,1,1
46,3.0,300.80,65.65,27.08,10.30,1,1,1
46,1.0,165.96,224.01,14.42,21.41,1,1,1
47,4.0,210.83,150.08,24.05,12.46,1,1,1
47,3.0,300.20,65.60,27.41,9.80,1,1,1
47,1.0,165.99,224.12,14.56,21.54,1,1,1
48,4.0,210.87,150.09,23.97,12.62,1,1,1
48,3.0,299.75,65.49,27.53,9.79,1,1,1
48,1.0,166.05,224.07,14.56,21.83,1,1,1
49,4.0,210.71,150.05,23.86,12.70,1,1,1
49,3.0,298.67,65.39,27.48,9.89,1,1,1
49,1.0,166.10,224.45,14.38,21.42,1,1,1
50,4.0,210.57,149.87,23.05,13.05,1,1,1
50,3.0,297.66,65.23,27.58,9.89,1,1,1
50,1.0,166.11,224.39,14.39,21.49,1,1,1
51,4.0,208.82,150.32,20.86,12.36,1,1,1
51,3.0,297.09,64.89,26.81,9.75,1,1,1
51,1.0,166.27,225.08,14.35,21.12,1,1,1
52,4.0,208.59,149.95,21.96,12.20,1,1,1
52,3.0,296.08,64.58,27.93,9.57,1,1,1
52,1.0,166.31,225.29,14.18,20.96,1,1,1
53,4.0,208.47,149.90,22.59,11.32,1,1,1
53,1.0,166.31,225.27,14.09,20.97,1,1,1
54,4.0,208.20,150.03,20.72,11.35,1,1,1
54,1.0,166.43,224.94,13.74,21.37,1,1,1
55,4.0,207.68,150.23,20.96,10.83,1,1,1
55,1.0,166.37,225.01,13.64,21.23,1,1,1
56,4.0,207.21,150.28,21.06,10.57,1,1,1
56,1.0,166.35,224.84,13.56,21.40,1,1,1
57,4.0,207.17,149.78,20.84,11.23,1,1,1
57,1.0,165.70,224.85,14.05,20.88,1,1,1
58,4.0,206.52,149.61,21.21,12.02,1,1,1
58,1.0,165.65,224.93,13.28,20.84,1,1,1
59,4.0,206.48,149.67,20.12,11.84,1,1,1
59,1.0,165.29,224.99,13.45,20.58,1,1,1
60,4.0,206.05,149.43,20.54,11.50,1,1,1
60,1.0,165.08,224.94,13.63,20.55,1,1,1
61,4.0,205.64,149.30,20.74,11.43,1,1,1
61,1.0,164.96,224.50,13.45,20.52,1,1,1
62,4.0,205.23,149.28,20.83,11.60,1,1,1
62,1.0,164.86,224.36,13.56,20.67,1,1,1
63,4.0,204.88,149.29,20.67,11.69,1,1,1
63,1.0,164.55,224.51,13.55,20.56,1,1,1
64,4.0,204.91,149.30,20.63,11.73,1,1,1
64,1.0,164.45,224.54,13.54,20.57,1,1,1
65,4.0,204.92,149.30,20.61,11.73,1,1,1
65,3.0,288.94,63.46,26.07,10.42,1,1,1
65,1.0,164.31,224.44,13.56,20.66,1,1,1
66,4.0,204.11,149.34,20.11,11.65,1,1,1
66,3.0,288.66,63.67,26.02,10.28,1,1,1
66,1.0,164.17,224.42,13.61,20.63,1,1,1
67,4.0,204.02,149.32,19.42,11.89,1,1,1
67,3.0,288.17,63.90,26.26,9.91,1,1,1
67,1.0,163.95,224.21,13.50,20.92,1,1,1
68,4.0,204.00,149.40,19.48,11.82,1,1,1
68,3.0,287.59,64.00,26.21,10.30,1,1,1
68,1.0,163.68,224.12,13.76,20.97,1,1,1
69,4.0,203.44,149.40,19.32,11.94,1,1,1
69,3.0,287.02,64.11,26.11,10.28,1,1,1
69,1.0,163.48,224.17,13.82,20.98,1,1,1
70,4.0,202.64,150.30,19.45,11.33,1,1,1
70,3.0,285.89,64.15,25.90,10.16,1,1,1
70,1.0,162.78,224.79,13.37,20.94,1,1,1
71,4.0,201.82,150.32,18.65,11.03,1,1,1
71,3.0,284.80,64.22,26.15,10.73,1,1,1
71,1.0,162.02,224.71,13.72,21.85,1,1,1
72,4.0,201.33,150.34,18.64,10.47,1,1,1
72,3.0,283.07,64.24,27.26,10.66,1,1,1
72,1.0,161.72,224.63,13.69,21.87,1,1,1
73,4.0,200.89,150.08,19.07,10.77,1,1,1
73,3.0,282.53,63.85,26.78,10.91,1,1,1
73,1.0,161.13,224.74,13.45,20.73,1,1,1
74,4.0,200.45,149.72,19.03,10.77,1,1,1
74,3.0,281.81,63.19,26.93,10.56,1,1,1
74,1.0,160.91,223.99,13.24,21.05,1,1,1
75,4.0,199.78,148.72,17.83,11.54,1,1,1
75,3.0,282.11,62.59,26.04,10.75,1,1,1
75,1.0,160.50,223.90,13.34,21.16,1,1,1
76,4.0,198.74,148.35,17.49,13.02,1,1,1
76,3.0,280.62,62.00,26.89,11.34,1,1,1
76,1.0,160.26,223.89,13.39,21.19,1,1,1
77,4.0,198.43,148.40,17.84,12.21,1,1,1
77,1.0,159.89,223.97,13.58,20.85,1,1,1
78,4.0,198.41,148.47,17.08,12.24,1,1,1
78,1.0,158.93,223.87,13.71,20.97,1,1,1
79,4.0,198.02,148.41,15.99,12.73,1,1,1
79,1.0,158.92,223.92,13.37,20.89,1,1,1
80,4.0,197.60,148.21,17.03,12.83,1,1,1
80,1.0,158.87,223.34,13.49,21.31,1,1,1
81,4.0,196.89,148.03,18.02,10.95,1,1,1
81,1.0,158.88,222.70,13.55,20.99,1,1,1
82,4.0,195.44,146.98,19.67,12.49,1,1,1
82,1.0,157.86,221.91,13.98,21.14,1,1,1
83,4.0,195.61,147.11,19.09,11.74,1,1,1
83,1.0,157.53,222.02,14.34,21.06,1,1,1
84,4.0,195.48,146.56,19.03,11.91,1,1,1
84,1.0,156.99,222.03,14.32,20.50,1,1,1
85,4.0,195.36,146.33,18.62,11.50,1,1,1
85,1.0,156.74,220.93,13.82,20.55,1,1,1
86,4.0,194.78,145.73,19.38,12.52,1,1,1
86,1.0,156.52,219.98,13.79,20.96,1,1,1
87,4.0,194.47,145.35,19.00,12.98,1,1,1
87,1.0,155.83,219.61,13.75,21.45,1,1,1
88,4.0,194.13,145.53,18.83,12.70,1,1,1
88,1.0,155.88,219.73,13.69,21.33,1,1,1
89,4.0,193.58,145.54,18.69,12.77,1,1,1
89,1.0,155.04,219.40,14.08,21.58,1,1,1
90,4.0,193.61,145.24,18.56,12.46,1,1,1
90,1.0,154.92,219.52,14.18,21.24,1,1,1
91,4.0,193.46,144.94,16.67,12.34,1,1,1
91,1.0,154.74,218.68,13.58,21.66,1,1,1
92,4.0,192.81,144.74,17.18,12.69,1,1,1
92,1.0,154.09,218.10,14.25,22.44,1,1,1
93,4.0,192.69,144.62,17.22,12.49,1,1,1
93,1.0,154.02,217.56,14.27,22.85,1,1,1
94,4.0,192.46,144.61,17.17,12.57,1,1,1
94,1.0,153.26,217.57,14.78,22.39,1,1,1
95,4.0,192.19,144.62,16.87,12.49,1,1,1
95,1.0,153.24,217.69,14.80,22.29,1,1,1
96,4.0,192.03,144.59,16.78,12.70,1,1,1
96,1.0,152.91,217.73,15.12,22.20,1,1,1
97,4.0,191.53,144.46,16.50,12.46,1,1,1
97,1.0,151.97,217.95,15.20,21.92,1,1,1
98,4.0,190.82,144.75,16.38,12.30,1,1,1
98,1.0,151.98,218.00,14.90,21.80,1,1,1
99,4.0,189.92,144.88,16.75,12.06,1,1,1
99,1.0,151.71,217.91,14.45,22.53,1,1,1
100,4.0,189.85,144.95,16.77,12.08,1,1,1
100,1.0,151.51,217.89,14.44,22.67,1,1,1
101,4.0,188.60,145.88,17.03,11.13,1,1,1
101,1.0,150.54,219.62,14.26,21.16,1,1,1
102,4.0,188.25,145.63,17.05,11.27,1,1,1
102,1.0,150.48,219.73,14.16,21.07,1,1,1
103,4.0,187.59,145.60,17.46,11.54,1,1,1
103,1.0,149.98,219.84,13.96,21.09,1,1,1
104,4.0,187.57,145.59,17.47,11.53,1,1,1
104,1.0,149.18,219.76,13.99,20.88,1,1,1
105,4.0,186.87,145.56,17.79,11.53,1,1,1
105,3.0,268.98,60.38,25.16,13.23,1,1,1
105,1.0,149.18,219.91,14.01,20.67,1,1,1
106,4.0,186.52,145.55,17.53,11.26,1,1,1
106,3.0,268.49,60.49,24.73,13.42,1,1,1
106,1.0,148.64,219.74,13.97,20.88,1,1,1
107,4.0,186.45,145.53,17.57,11.22,1,1,1
107,3.0,268.25,60.52,24.98,12.98,1,1,1
107,1.0,148.71,219.86,13.57,21.12,1,1,1
108,4.0,186.05,145.85,16.75,10.75,1,1,1
108,3.0,267.86,60.63,24.13,12.51,1,1,1
108,1.0,148.39,219.76,13.32,21.28,1,1,1
109,4.0,186.04,145.84,16.75,10.71,1,1,1
109,3.0,267.93,60.60,24.08,13.18,1,1,1
109,1.0,147.77,219.68,13.71,21.24,1,1,1
110,4.0,186.17,145.75,16.47,11.46,1,1,1
110,3.0,267.95,60.60,24.13,13.17,1,1,1
110,1.0,147.57,219.24,13.69,21.12,1,1,1
111,4.0,185.67,145.85,16.43,11.53,1,1,1
111,3.0,267.16,60.61,24.84,12.54,1,1,1
111,1.0,146.99,218.77,14.11,21.64,1,1,1
112,4.0,185.61,145.79,16.56,11.65,1,1,1
112,3.0,267.55,60.84,23.87,12.00,1,1,1
112,1.0,146.84,218.94,13.56,21.27,1,1,1
113,4.0,185.54,145.81,16.59,11.47,1,1,1
113,3.0,267.98,60.95,23.50,12.55,1,1,1
113,1.0,146.86,218.94,13.56,21.22,1,1,1
114,4.0,185.52,146.14,16.60,11.51,1,1,1
114,3.0,268.17,61.52,24.06,12.09,1,1,1
114,1.0,146.64,218.99,13.65,21.10,1,1,1
115,4.0,185.64,146.03,16.80,11.38,1,1,1
115,3.0,268.54,61.82,24.17,12.50,1,1,1
115,1.0,146.63,218.66,13.61,21.39,1,1,1
116,4.0,185.93,146.00,16.52,11.90,1,1,1
116,3.0,268.46,62.02,24.85,11.91,1,1,1
116,1.0,146.59,217.99,13.49,21.07,1,1,1
117,4.0,186.84,144.96,16.93,12.47,1,1,1
117,3.0,269.35,62.06,24.90,12.38,1,1,1
117,1.0,146.60,217.57,13.22,21.20,1,1,1
118,4.0,186.89,144.96,16.88,12.36,1,1,1
118,3.0,269.87,62.00,24.86,12.74,1,1,1
118,1.0,146.54,216.88,13.25,20.99,1,1,1
119,4.0,186.94,144.54,17.29,12.44,1,1,1
119,3.0,269.99,62.01,24.74,12.47,1,1,1
119,1.0,146.77,216.55,13.14,21.43,1,1,1
120,4.0,186.99,144.12,17.17,12.72,1,1,1
120,3.0,269.71,61.91,25.50,11.17,1,1,1
120,1.0,146.74,215.89,13.20,21.34,1,1,1
121,4.0,187.61,143.86,17.19,11.73,1,1,1
121,3.0,271.10,61.86,24.54,11.70,1,1,1
121,1.0,147.32,215.52,14.02,21.33,1,1,1
122,4.0,188.01,142.62,17.69,11.94,1,1,1
122,3.0,271.76,61.36,24.55,12.11,1,1,1
122,1.0,147.19,214.47,13.91,20.63,1,1,1
123,4.0,189.53,142.01,17.47,12.61,1,1,1
123,3.0,272.80,61.03,25.07,11.78,1,1,1
123,1.0,147.72,213.11,14.00,21.67,1,1,1
124,4.0,189.95,141.27,17.38,11.45,1,1,1
124,3.0,274.34,60.86,24.54,12.42,1,1,1
124,1.0,147.80,212.67,14.10,20.98,1,1,1
125,4.0,190.97,140.46,17.77,11.83,1,1,1
125,3.0,275.48,60.95,23.77,11.73,1,1,1
125,1.0,147.79,212.42,13.94,20.85,1,1,1
126,4.0,191.44,140.37,17.32,11.90,1,1,1
126,3.0,276.64,60.99,23.99,13.49,1,1,1
126,1.0,148.09,211.38,14.09,21.36,1,1,1
127,4.0,192.53,140.30,17.46,11.82,1,1,1
127,3.0,276.97,61.01,23.91,13.29,1,1,1
127,1.0,148.13,211.15,14.20,21.56,1,1,1
128,4.0,192.57,140.30,17.65,11.81,1,1,1
128,3.0,277.33,61.33,24.55,13.06,1,1,1
128,1.0,148.20,211.01,14.16,20.72,1,1,1
129,4.0,193.14,140.30,17.82,11.78,1,1,1
129,3.0,278.40,61.55,24.06,13.01,1,1,1
129,1.0,148.20,211.02,14.14,20.64,1,1,1
130,4.0,193.20,140.30,17.82,11.79,1,1,1
130,1.0,149.47,210.05,13.44,21.01,1,1,1
131,4.0,193.56,139.71,17.44,12.44,1,1,1
131,1.0,150.26,208.66,13.89,21.91,1,1,1
132,4.0,194.31,139.65,16.89,12.43,1,1,1
132,1.0,150.64,207.70,13.69,22.01,1,1,1
133,4.0,195.65,139.00,16.55,13.06,1,1,1
133,1.0,150.75,206.71,14.15,22.58,1,1,1
134,4.0,196.76,138.50,16.28,13.54,1,1,1
134,1.0,151.87,206.22,13.44,22.56,1,1,1
135,4.0,196.99,138.39,16.24,13.66,1,1,1
135,1.0,151.96,206.00,14.04,22.34,1,1,1
136,4.0,198.20,137.86,16.57,14.17,1,1,1
136,1.0,151.97,205.48,13.78,21.93,1,1,1
137,1.0,151.98,205.18,14.85,22.45,1,1,1
138,1.0,153.19,204.74,14.84,22.20,1,1,1
139,1.0,153.18,204.35,14.84,22.01,1,1,1
140,1.0,153.43,204.42,14.64,21.11,1,1,1
141,6.0,200.39,135.76,18.06,10.86,1,1,1
141,1.0,154.32,203.55,14.53,20.92,1,1,1
142,6.0,200.22,135.81,18.37,10.53,1,1,1
142,3.0,289.68,62.66,24.39,11.21,1,1,1
142,1.0,154.31,203.02,14.62,20.72,1,1,1
143,6.0,200.56,135.81,18.36,10.38,1,1,1
143,3.0,291.06,62.75,23.11,11.74,1,1,1
143,1.0,154.27,202.54,14.60,20.98,1,1,1
144,6.0,200.45,135.79,19.19,10.12,1,1,1
144,3.0,291.59,62.98,23.30,11.70,1,1,1
144,1.0,154.27,199.59,16.24,23.24,1,1,1
145,6.0,200.86,135.80,19.29,9.90,1,1,1
145,3.0,292.34,63.21,23.04,11.25,1,1,1
145,1.0,154.84,197.72,17.71,24.92,1,1,1
146,6.0,201.14,135.82,19.81,9.61,1,1,1
146,3.0,292.21,63.48,23.66,11.63,1,1,1
146,1.0,154.81,197.70,19.01,25.14,1,1,1
147,6.0,201.62,135.72,19.60,9.70,1,1,1
147,3.0,292.31,63.88,23.98,11.44,1,1,1
147,1.0,154.94,197.35,19.97,24.86,1,1,1
148,6.0,201.84,135.76,19.65,9.72,1,1,1
148,3.0,292.09,64.22,24.40,11.33,1,1,1
148,1.0,155.15,196.68,20.15,25.29,1,1,1
149,6.0,201.84,135.76,19.59,9.70,1,1,1
149,3.0,292.82,64.27,23.74,11.32,1,1,1
149,1.0,155.22,195.71,21.14,25.49,1,1,1
150,6.0,202.52,135.43,19.34,9.75,1,1,1
150,3.0,292.73,64.17,24.22,11.16,1,1,1
150,1.0,155.22,197.27,18.79,23.89,1,1,1
151,6.0,202.79,135.00,19.24,9.97,1,1,1
151,3.0,292.65,64.05,24.69,10.77,1,1,1
151,1.0,155.71,197.97,14.45,23.02,1,1,1
152,6.0,203.36,134.88,19.43,11.92,1,1,1
152,3.0,293.01,63.96,24.31,10.54,1,1,1
152,1.0,155.95,198.04,14.19,22.64,1,1,1
153,6.0,203.43,134.66,19.38,12.30,1,1,1
153,3.0,293.04,63.70,24.46,10.57,1,1,1
153,1.0,155.92,197.31,14.03,23.00,1,1,1
154,6.0,203.40,134.62,19.42,10.87,1,1,1
154,3.0,293.06,63.68,24.64,10.49,1,1,1
154,1.0,155.84,196.51,14.10,23.12,1,1,1
155,6.0,203.41,134.51,19.13,10.48,1,1,1
155,3.0,293.29,63.37,24.93,10.83,1,1,1
155,1.0,155.83,196.37,14.12,23.25,1,1,1
156,6.0,203.22,134.55,19.34,10.35,1,1,1
156,3.0,293.30,63.38,24.90,10.86,1,1,1
156,1.0,155.87,196.34,14.20,22.88,1,1,1
157,6.0,203.32,134.44,19.17,10.10,1,1,1
157,3.0,293.54,63.40,24.63,11.19,1,1,1
157,1.0,155.82,195.80,13.94,23.34,1,1,1
158,6.0,203.58,134.39,19.04,10.33,1,1,1
158,3.0,293.54,63.43,24.86,10.88,1,1,1
158,1.0,155.87,195.73,13.87,22.93,1,1,1
159,6.0,203.37,134.32,19.24,9.66,1,1,1
159,3.0,293.81,63.40,24.97,10.98,1,1,1
159,1.0,156.09,196.06,13.76,22.01,1,1,1
160,6.0,203.88,132.89,19.28,10.48,1,1,1
160,3.0,293.99,63.19,25.61,10.66,1,1,1
160,1.0,156.50,195.44,13.54,22.06,1,1,1
161,6.0,203.17,132.50,20.43,10.39,1,1,1
161,3.0,294.48,62.55,24.96,10.59,1,1,1
161,1.0,156.69,194.69,14.26,22.70,1,1,1
162,6.0,203.84,132.06,19.99,10.61,1,1,1
162,3.0,294.49,62.49,25.45,10.62,1,1,1
162,1.0,156.68,194.41,14.45,22.85,1,1,1
163,6.0,203.80,132.06,19.96,10.59,1,1,1
163,3.0,294.62,62.40,25.45,10.97,1,1,1
163,1.0,156.69,194.15,14.45,23.10,1,1,1
164,6.0,203.95,131.95,19.49,10.49,1,1,1
164,3.0,294.85,62.35,25.47,11.17,1,1,1
164,1.0,156.80,193.76,14.28,21.98,1,1,1
165,6.0,204.52,131.12,18.94,10.58,1,1,1
165,3.0,294.73,62.23,25.65,10.93,1,1,1
165,1.0,156.84,193.46,14.22,22.11,1,1,1
166,6.0,204.47,131.15,18.99,10.54,1,1,1
166,3.0,294.73,62.10,25.67,10.56,1,1,1
166,1.0,156.82,193.42,14.20,21.91,1,1,1
167,6.0,204.49,131.18,19.10,10.54,1,1,1
167,3.0,294.76,62.10,25.65,10.59,1,1,1
167,1.0,156.83,193.44,14.20,21.86,1,1,1
168,6.0,204.56,131.17,19.24,10.56,1,1,1
168,1.0,156.86,192.86,14.46,22.19,1,1,1
169,6.0,204.43,130.72,19.92,10.61,1,1,1
169,1.0,157.00,192.26,15.03,22.08,1,1,1
170,6.0,204.94,130.30,19.30,10.40,1,1,1
170,1.0,157.12,192.28,14.88,21.30,1,1,1
171,6.0,204.20,129.98,20.31,10.37,1,1,1
171,1.0,156.97,191.37,15.06,22.24,1,1,1
172,6.0,204.17,129.68,19.97,10.40,1,1,1
172,1.0,156.99,191.45,15.00,21.96,1,1,1
173,6.0,203.69,129.21,20.36,10.54,1,1,1
173,1.0,156.94,190.71,15.22,22.17,1,1,1
174,1.0,157.03,190.65,15.06,22.18,1,1,1
175,1.0,157.16,190.26,15.57,21.97,1,1,1
176,1.0,157.16,189.84,15.28,21.49,1,1,1
177,1.0,157.13,189.32,15.30,22.02,1,1,1
178,1.0,157.38,188.43,15.10,21.69,1,1,1
179,1.0,157.61,187.97,15.16,21.68,1,1,1
180,1.0,157.71,187.39,15.17,21.43,1,1,1
181,1.0,158.74,186.29,15.93,22.52,1,1,1
182,1.0,158.81,186.08,15.59,22.57,1,1,1
183,1.0,159.01,185.98,14.88,21.51,1,1,1
184,1.0,158.93,185.25,14.40,21.90,1,1,1
185,1.0,159.03,183.07,16.11,23.03,1,1,1
186,1.0,159.07,183.14,15.78,22.61,1,1,1
187,3.0,295.08,55.55,26.08,9.55,1,1,1
187,1.0,159.34,182.05,16.63,22.96,1,1,1
188,3.0,295.64,55.06,26.13,9.32,1,1,1
188,1.0,159.42,180.08,16.93,23.63,1,1,1
189,3.0,297.04,54.79,25.24,9.47,1,1,1
189,1.0,159.55,180.12,17.09,23.57,1,1,1
190,3.0,296.60,54.53,25.88,9.59,1,1,1
190,1.0,160.17,179.41,16.88,23.56,1,1,1
191,3.0,296.69,53.93,25.56,9.88,1,1,1
191,1.0,160.59,180.46,14.77,22.02,1,1,1
192,3.0,297.27,53.45,25.46,10.70,1,1,1
192,1.0,160.75,178.86,14.67,24.05,1,1,1
193,3.0,297.91,53.14,25.13,11.37,1,1,1
193,1.0,161.42,179.16,14.65,22.71,1,1,1
194,3.0,298.41,53.08,25.19,11.37,1,1,1
194,1.0,162.46,179.09,15.29,21.76,1,1,1
195,3.0,299.10,53.10,25.62,10.82,1,1,1
195,1.0,162.88,178.10,16.10,22.78,1,1,1
196,3.0,300.12,53.14,26.10,10.50,1,1,1
196,1.0,163.31,177.46,17.47,21.96,1,1,1
197,3.0,301.24,53.04,26.22,10.51,1,1,1
197,1.0,164.49,176.25,18.54,22.37,1,1,1
198,3.0,302.34,52.96,26.24,10.44,1,1,1
198,1.0,165.14,176.83,17.95,21.86,1,1,1
199,3.0,303.10,52.83,26.25,10.31,1,1,1
199,1.0,166.35,176.70,15.78,21.92,1,1,1
200,3.0,303.67,52.93,26.85,10.16,1,1,1
200,1.0,166.64,175.64,16.62,22.01,1,1,1
201,8.0,213.91,117.87,23.25,8.88,1,1,1
201,3.0,304.58,52.76,26.56,10.33,1,1,1
201,1.0,167.65,175.26,16.27,22.38,1,1,1
202,8.0,213.89,117.86,23.40,8.73,1,1,1
202,3.0,304.79,52.75,26.65,10.34,1,1,1
202,1.0,168.18,175.32,16.88,21.83,1,1,1
203,3.0,305.31,52.92,26.37,10.20,1,1,1
203,1.0,168.90,175.34,16.50,21.61,1,1,1
204,3.0,305.91,52.79,26.81,10.34,1,1,1
204,1.0,169.70,174.61,16.41,21.64,1,1,1
205,3.0,307.40,52.86,26.21,10.63,1,1,1
205,1.0,169.82,174.49,16.39,21.73,1,1,1
206,3.0,307.69,52.82,26.55,10.57,1,1,1
206,1.0,170.90,173.81,17.00,22.36,1,1,1
207,3.0,308.24,52.85,26.34,10.81,1,1,1
207,1.0,171.82,173.92,16.67,21.95,1,1,1
208,3.0,308.94,52.92,26.31,10.84,1,1,1
208,1.0,172.48,173.49,17.44,22.19,1,1,1
209,3.0,309.52,52.90,26.12,10.96,1,1,1
209,1.0,172.97,173.42,17.22,22.08,1,1,1
210,3.0,310.53,52.90,25.16,11.01,1,1,1
210,1.0,173.68,173.72,16.84,21.66,1,1,1
211,3.0,310.83,53.46,25.35,10.51,1,1,1
211,1.0,174.38,173.76,17.30,22.11,1,1,1
212,3.0,311.37,53.82,25.60,10.68,1,1,1
212,1.0,175.19,174.23,15.68,20.72,1,1,1
213,3.0,311.12,54.16,26.05,10.00,1,1,1
213,1.0,175.76,174.27,15.48,20.31,1,1,1
214,3.0,310.81,54.62,25.95,9.51,1,1,1
214,1.0,175.68,174.80,15.52,20.81,1,1,1
215,3.0,310.42,54.69,25.44,9.48,1,1,1
215,1.0,175.72,174.74,15.48,20.84,1,1,1
216,3.0,310.34,54.72,25.52,9.54,1,1,1
216,1.0,175.74,174.72,15.59,20.94,1,1,1
217,3.0,310.32,54.72,25.84,9.58,1,1,1
217,1.0,175.79,174.68,15.54,21.03,1,1,1
218,3.0,309.66,54.37,26.25,9.83,1,1,1
218,1.0,175.76,174.65,15.59,21.10,1,1,1
219,3.0,309.20,54.40,26.45,9.72,1,1,1
219,1.0,175.80,174.65,15.55,21.20,1,1,1
220,3.0,308.85,54.31,25.64,9.73,1,1,1
220,1.0,176.14,175.28,15.77,21.07,1,1,1
221,3.0,307.68,54.59,26.37,9.12,1,1,1
221,1.0,175.83,175.62,17.24,22.10,1,1,1
222,3.0,306.62,54.65,25.84,8.69,1,1,1
222,1.0,175.59,175.57,17.49,23.44,1,1,1
223,3.0,305.33,54.61,25.56,8.91,1,1,1
223,1.0,175.23,176.92,16.88,22.62,1,1,1
224,3.0,303.95,54.55,26.67,8.94,1,1,1
224,1.0,174.61,177.45,16.60,22.10,1,1,1
225,3.0,303.28,54.68,26.63,8.85,1,1,1
225,1.0,174.24,178.10,15.51,21.46,1,1,1
226,3.0,302.58,54.70,26.18,9.03,1,1,1
226,1.0,173.78,178.45,15.27,21.94,1,1,1
227,3.0,300.99,54.76,26.13,9.18,1,1,1
227,1.0,173.12,178.64,15.84,21.64,1,1,1
228,3.0,300.26,54.88,25.52,9.22,1,1,1
228,1.0,172.78,179.23,15.80,22.58,1,1,1
229,3.0,298.17,54.99,26.47,9.36,1,1,1
229,1.0,172.20,180.14,15.92,22.21,1,1,1
230,3.0,297.25,55.20,26.17,9.53,1,1,1
230,1.0,170.99,181.19,17.34,22.23,1,1,1
231,3.0,294.76,55.55,26.99,9.14,1,1,1
231,1.0,170.33,182.26,14.55,21.71,1,1,1
232,3.0,293.61,55.69,26.98,9.13,1,1,1
232,1.0,169.71,182.94,16.61,21.83,1,1,1
233,3.0,291.89,55.86,26.56,9.04,1,1,1
233,1.0,169.29,184.16,15.40,22.14,1,1,1
234,3.0,290.96,55.93,26.63,9.76,1,1,1
234,1.0,169.16,184.23,17.06,23.28,1,1,1
235,1.0,168.84,186.15,17.34,22.55,1,1,1
236,1.0,168.53,186.89,16.41,22.17,1,1,1
237,1.0,167.49,187.96,14.97,22.16,1,1,1
238,1.0,167.34,188.08,14.98,22.92,1,1,1
239,1.0,166.40,188.75,14.93,22.91,1,1,1
240,1.0,166.13,189.49,14.80,23.37,1,1,1
241,1.0,164.91,191.82,13.93,21.14,1,1,1
242,1.0,164.49,191.31,14.12,22.10,1,1,1
243,1.0,164.02,191.28,14.30,22.46,1,1,1
244,1.0,163.23,191.10,14.49,22.86,1,1,1
245,1.0,162.56,191.76,13.95,23.07,1,1,1
246,1.0,161.84,192.88,13.65,23.87,1,1,1
247,1.0,161.66,194.10,14.01,23.64,1,1,1
248,1.0,161.49,194.23,14.02,24.00,1,1,1
249,1.0,161.54,194.83,13.94,23.74,1,1,1
250,1.0,161.60,193.80,16.33,25.35,1,1,1
251,1.0,161.69,193.20,21.83,26.97,1,1,1
252,1.0,161.52,193.47,21.84,26.78,1,1,1
253,1.0,161.51,194.94,20.24,25.67,1,1,1
254,1.0,161.76,195.61,20.65,25.38,1,1,1
255,1.0,161.79,195.28,20.56,25.88,1,1,1
256,1.0,161.84,195.44,19.65,25.79,1,1,1
257,1.0,162.01,195.65,17.94,24.98,1,1,1
258,1.0,162.42,195.61,17.37,24.73,1,1,1
259,1.0,162.85,195.24,17.33,24.97,1,1,1
260,1.0,163.42,195.43,16.34,24.68,1,1,1
261,1.0,164.87,195.31,16.75,24.19,1,1,1
262,1.0,166.04,194.98,15.59,24.25,1,1,1
263,1.0,166.72,194.90,16.96,24.33,1,1,1
264,1.0,168.17,194.88,16.91,24.18,1,1,1
265,1.0,169.34,194.83,16.82,24.10,1,1,1
266,1.0,170.31,194.26,16.46,24.13,1,1,1
267,1.0,171.27,193.40,16.55,24.57,1,1,1
268,1.0,172.55,193.37,16.85,22.69,1,1,1
269,1.0,173.88,193.39,16.17,22.82,1,1,1
270,1.0,175.16,191.69,17.15,24.08,1,1,1
271,1.0,176.28,191.36,17.07,24.22,1,1,1
272,1.0,177.33,191.13,16.63,23.69,1,1,1
273,1.0,178.84,189.83,17.34,23.78,1,1,1
274,1.0,179.71,189.63,16.96,23.76,1,1,1
275,1.0,180.41,188.88,17.06,24.11,1,1,1
276,1.0,181.15,189.54,16.42,22.71,1,1,1
277,1.0,182.92,188.19,16.13,23.38,1,1,1
278,1.0,184.35,187.41,16.56,23.88,1,1,1
279,1.0,184.77,187.28,16.31,23.11,1,1,1
280,1.0,185.36,187.38,16.24,23.10,1,1,1
281,1.0,186.83,186.31,16.98,23.26,1,1,1
282,1.0,186.98,186.47,16.75,22.70,1,1,1
283,10.0,292.56,56.00,27.63,10.80,1,1,1
283,1.0,188.35,184.17,17.35,23.87,1,1,1
284,10.0,292.78,56.00,27.72,10.90,1,1,1
284,1.0,188.89,184.05,16.93,23.45,1,1,1
285,10.0,294.18,56.00,27.62,10.86,1,1,1
285,1.0,190.50,182.90,16.88,23.77,1,1,1
286,10.0,295.94,56.00,27.13,11.08,1,1,1
286,1.0,190.77,182.48,16.84,24.13,1,1,1
287,10.0,296.77,56.00,27.33,10.75,1,1,1
287,1.0,191.95,181.79,16.38,23.61,1,1,1
288,10.0,297.31,55.99,27.49,10.10,1,1,1
288,1.0,192.49,180.99,16.39,24.00,1,1,1
289,10.0,297.61,55.98,27.28,9.78,1,1,1
289,1.0,192.94,180.11,16.94,24.15,1,1,1
290,10.0,298.28,55.95,27.48,9.44,1,1,1
290,1.0,193.09,179.69,16.97,24.64,1,1,1
291,10.0,299.19,55.95,26.79,9.19,1,1,1
291,1.0,193.96,179.55,16.60,24.29,1,1,1
292,10.0,299.31,55.94,27.76,8.93,1,1,1
292,1.0,194.21,178.91,16.64,24.55,1,1,1
293,10.0,299.36,55.74,28.17,8.74,1,1,1
293,1.0,194.30,179.15,16.55,24.02,1,1,1
294,10.0,299.43,55.39,28.51,8.69,1,1,1
294,1.0,194.63,179.63,16.31,23.44,1,1,1
295,10.0,299.86,55.11,28.54,8.85,1,1,1
295,1.0,194.92,179.15,16.34,23.65,1,1,1
296,10.0,300.57,55.00,29.16,8.80,1,1,1
296,1.0,195.20,178.72,16.67,23.85,1,1,1
297,10.0,301.11,54.83,29.05,8.91,1,1,1
297,1.0,195.27,178.36,16.60,22.52,1,1,1
298,10.0,301.52,54.76,29.10,8.97,1,1,1
298,1.0,195.58,177.83,16.52,23.04,1,1,1
299,10.0,301.86,54.70,28.92,8.89,1,1,1
299,1.0,195.59,177.87,15.52,21.96,1,1,1
300,10.0,302.16,54.67,28.84,8.88,1,1,1
300,1.0,195.43,177.79,14.38,21.50,1,1,1
301,10.0,303.54,54.74,27.36,9.31,1,1,1
301,1.0,197.29,176.41,16.20,23.07,1,1,1
302,10.0,303.78,54.73,27.46,9.26,1,1,1
302,1.0,197.36,176.36,16.01,22.51,1,1,1
303,10.0,304.69,54.72,27.01,9.18,1,1,1
303,1.0,197.49,174.50,15.93,23.65,1,1,1
304,10.0,305.11,54.74,27.71,9.24,1,1,1
304,8.0,241.67,119.99,19.91,12.68,1,1,1
304,1.0,197.85,174.23,16.28,23.23,1,1,1
305,10.0,305.52,54.60,27.69,9.23,1,1,1
305,1.0,198.14,173.51,15.40,23.57,1,1,1
306,10.0,305.65,54.29,27.80,9.34,1,1,1
306,1.0,198.42,172.55,15.16,23.33,1,1,1
307,10.0,305.61,53.92,27.94,9.37,1,1,1
307,1.0,198.48,171.72,15.13,23.78,1,1,1
308,10.0,305.72,53.76,27.97,9.41,1,1,1
308,1.0,198.47,171.64,15.54,23.96,1,1,1
309,10.0,305.03,53.70,27.92,9.15,1,1,1
309,1.0,198.33,171.54,15.69,24.10,1,1,1
310,10.0,304.89,53.68,28.07,9.13,1,1,1
310,1.0,198.26,171.64,15.79,23.95,1,1,1
311,10.0,305.00,53.58,27.63,9.25,1,1,1
311,1.0,197.20,171.24,16.66,24.44,1,1,1
312,10.0,304.87,53.62,27.69,9.15,1,1,1
312,1.0,197.00,171.45,16.84,24.26,1,1,1
313,10.0,304.83,53.64,27.40,9.19,1,1,1
313,1.0,196.49,171.49,17.17,24.17,1,1,1
314,10.0,304.81,53.76,27.04,9.13,1,1,1
314,1.0,195.92,171.60,17.22,23.91,1,1,1
315,10.0,304.16,53.79,27.27,9.07,1,1,1
315,1.0,195.45,171.44,17.16,24.23,1,1,1
316,10.0,303.15,53.77,27.78,9.11,1,1,1
316,1.0,194.81,171.61,16.94,24.14,1,1,1
317,10.0,302.32,53.64,28.17,9.49,1,1,1
317,1.0,194.10,171.93,17.06,23.63,1,1,1
318,10.0,300.87,53.64,28.76,9.48,1,1,1
318,1.0,193.07,171.99,16.69,23.81,1,1,1
319,10.0,300.18,53.61,28.24,9.59,1,1,1
319,1.0,192.02,172.00,16.95,23.64,1,1,1
320,10.0,298.56,53.58,29.01,9.53,1,1,1
320,1.0,191.43,172.39,16.70,23.89,1,1,1
321,10.0,297.84,53.19,27.50,10.01,1,1,1
321,1.0,190.62,174.30,16.40,21.02,1,1,1
322,10.0,297.58,53.30,27.15,9.86,1,1,1
322,1.0,189.76,173.90,16.92,21.36,1,1,1
323,10.0,297.37,53.53,26.79,9.61,1,1,1
323,1.0,189.13,173.90,17.32,21.48,1,1,1
324,10.0,295.79,53.56,27.60,9.63,1,1,1
324,1.0,188.62,173.98,17.01,21.49,1,1,1
325,10.0,294.46,53.64,28.10,9.55,1,1,1
325,1.0,187.71,174.07,17.47,21.72,1,1,1
326,10.0,293.48,53.80,27.80,9.45,1,1,1
326,1.0,187.25,174.89,16.90,21.33,1,1,1
327,10.0,292.68,53.85,27.96,9.46,1,1,1
327,1.0,185.88,173.50,17.60,23.45,1,1,1
328,10.0,291.89,54.12,28.23,9.37,1,1,1
328,1.0,185.13,173.15,17.24,23.72,1,1,1
329,10.0,290.58,53.99,28.45,9.30,1,1,1
329,1.0,184.50,173.24,16.97,23.73,1,1,1
330,10.0,289.86,53.88,28.30,9.37,1,1,1
330,1.0,183.80,173.32,17.40,23.80,1,1,1
331,10.0,289.45,54.01,27.12,9.03,1,1,1
331,1.0,182.51,173.06,17.19,24.53,1,1,1
332,10.0,288.34,53.97,27.19,8.81,1,1,1
332,1.0,182.26,174.06,16.48,23.66,1,1,1
333,10.0,286.88,53.78,28.47,9.04,1,1,1
333,1.0,181.42,174.01,16.52,24.19,1,1,1
334,10.0,285.83,53.90,28.38,9.07,1,1,1
334,1.0,180.53,173.85,16.49,24.47,1,1,1
335,10.0,284.82,53.96,28.50,8.96,1,1,1
335,1.0,180.18,174.63,16.79,23.72,1,1,1
336,10.0,284.35,54.08,28.41,8.99,1,1,1
336,1.0,179.65,174.20,17.42,24.75,1,1,1
337,10.0,283.65,54.21,28.38,8.86,1,1,1
337,1.0,179.18,174.72,16.67,24.22,1,1,1
338,10.0,283.01,54.35,28.15,8.78,1,1,1
338,1.0,178.13,174.96,17.62,23.80,1,1,1
339,10.0,281.95,54.59,28.10,9.02,1,1,1
339,1.0,177.78,174.96,17.52,24.75,1,1,1
340,10.0,280.90,54.85,28.25,9.04,1,1,1
340,1.0,177.31,175.34,17.92,24.31,1,1,1
341,10.0,279.93,54.97,28.64,9.07,1,1,1
341,1.0,175.27,175.39,19.76,25.81,1,1,1
342,10.0,279.92,54.98,28.57,9.12,1,1,1
342,1.0,175.51,175.67,19.47,25.51,1,1,1
343,10.0,279.46,55.07,28.29,9.32,1,1,1
343,1.0,174.97,176.41,19.85,24.80,1,1,1
344,10.0,278.96,55.24,28.29,9.46,1,1,1
344,1.0,175.55,177.53,18.93,24.20,1,1,1
345,10.0,278.45,55.57,28.18,9.30,1,1,1
345,1.0,174.99,177.35,18.83,24.33,1,1,1
346,10.0,278.22,55.66,27.83,9.17,1,1,1
346,1.0,174.26,177.67,19.48,25.01,1,1,1
347,10.0,277.58,55.90,28.09,9.05,1,1,1
347,1.0,176.68,179.22,16.54,23.51,1,1,1
348,1.0,175.56,179.82,17.29,23.71,1,1,1
349,1.0,175.53,180.05,17.10,23.97,1,1,1
350,1.0,175.06,180.09,17.34,23.90,1,1,1
351,1.0,172.91,179.83,20.01,24.08,1,1,1
352,1.0,173.08,180.03,19.70,23.88,1,1,1
353,1.0,173.38,181.14,18.85,23.17,1,1,1
354,1.0,173.51,181.94,19.23,23.31,1,1,1
355,1.0,172.36,181.46,20.16,23.84,1,1,1
356,1.0,171.62,181.54,20.33,23.95,1,1,1
357,1.0,171.32,181.24,20.60,24.40,1,1,1
358,1.0,171.17,181.20,20.58,24.49,1,1,1
359,1.0,172.07,182.46,19.99,23.39,1,1,1
360,1.0,173.11,183.07,19.00,23.00,1,1,1
361,10.0,270.42,56.00,28.37,10.77,1,1,1
361,1.0,172.39,183.22,19.46,23.20,1,1,1
362,10.0,269.62,56.00,28.83,11.07,1,1,1
362,1.0,172.06,183.22,19.81,23.30,1,1,1
363,10.0,269.40,56.00,28.02,11.57,1,1,1
363,1.0,171.32,182.98,20.34,23.68,1,1,1
364,10.0,269.06,56.00,27.91,11.64,1,1,1
364,1.0,172.01,183.45,19.78,23.46,1,1,1
365,10.0,268.66,56.00,28.20,11.65,1,1,1
365,1.0,172.05,183.59,19.96,24.09,1,1,1
366,10.0,268.56,56.00,28.77,11.57,1,1,1
366,1.0,171.68,182.97,20.34,24.27,1,1,1
367,10.0,268.83,56.00,28.32,11.35,1,1,1
367,1.0,171.27,182.61,20.75,23.81,1,1,1
368,10.0,268.89,56.00,28.37,11.37,1,1,1
368,1.0,171.22,182.64,20.96,24.25,1,1,1
369,10.0,268.90,56.00,28.44,11.34,1,1,1
369,1.0,171.41,182.71,20.76,24.19,1,1,1
370,10.0,269.08,56.00,28.31,11.41,1,1,1
370,1.0,172.81,183.06,20.21,23.94,1,1,1
371,10.0,269.33,56.00,28.25,11.87,1,1,1
371,1.0,172.86,182.71,20.33,24.55,1,1,1
372,10.0,269.58,56.00,28.24,11.81,1,1,1
372,1.0,172.94,182.69,20.38,24.10,1,1,1
373,10.0,269.84,56.00,28.90,11.81,1,1,1
373,1.0,173.44,182.31,20.56,24.04,1,1,1
374,10.0,270.37,56.00,28.89,11.49,1,1,1
374,1.0,172.35,181.91,21.79,24.30,1,1,1
375,10.0,271.99,55.99,26.90,11.33,1,1,1
375,1.0,173.49,182.08,21.71,23.84,1,1,1
376,10.0,272.18,55.99,27.44,11.15,1,1,1
376,1.0,172.81,181.04,23.62,24.46,1,1,1
377,10.0,272.56,55.99,27.59,11.01,1,1,1
377,1.0,175.30,180.74,21.34,24.31,1,1,1
378,10.0,273.13,55.98,27.02,10.67,1,1,1
378,1.0,177.27,180.17,19.89,24.86,1,1,1
379,10.0,273.53,55.98,27.16,10.72,1,1,1
379,1.0,179.82,180.07,18.31,24.31,1,1,1
380,10.0,274.10,55.98,27.25,10.58,1,1,1
380,1.0,180.05,180.15,18.03,23.24,1,1,1
381,10.0,274.81,55.99,27.76,10.50,1,1,1
381,1.0,181.64,179.91,19.83,23.47,1,1,1
382,10.0,275.06,55.99,28.31,10.34,1,1,1
382,1.0,182.65,180.53,19.08,21.84,1,1,1
383,10.0,275.67,55.99,28.18,10.37,1,1,1
383,1.0,183.46,180.21,19.52,21.99,1,1,1
384,10.0,276.19,55.99,28.22,10.33,1,1,1
384,1.0,183.63,180.31,19.58,21.72,1,1,1
385,10.0,276.72,55.99,28.22,10.35,1,1,1
385,1.0,183.92,180.03,19.71,22.10,1,1,1
386,10.0,276.70,55.99,28.24,10.35,1,1,1
386,1.0,185.12,179.82,19.22,22.24,1,1,1
387,10.0,276.73,55.99,28.21,10.35,1,1,1
387,1.0,185.60,179.49,19.10,22.41,1,1,1
388,10.0,276.84,55.99,28.07,10.40,1,1,1
388,1.0,186.22,179.53,18.64,22.31,1,1,1
389,10.0,277.12,56.00,27.91,10.55,1,1,1
389,1.0,186.42,179.09,18.43,23.07,1,1,1
390,10.0,276.98,56.00,27.68,10.71,1,1,1
390,1.0,187.13,178.83,18.13,23.31,1,1,1
391,10.0,276.85,56.00,27.98,11.07,1,1,1
391,1.0,182.38,177.58,23.04,25.66,1,1,1
392,10.0,276.94,56.00,28.30,11.00,1,1,1
392,1.0,188.09,178.52,16.17,24.10,1,1,1
393,10.0,276.84,56.00,28.13,11.30,1,1,1
393,1.0,188.23,179.39,16.04,23.16,1,1,1
394,10.0,276.75,55.99,27.71,11.43,1,1,1
394,1.0,188.25,179.84,15.82,22.69,1,1,1
395,1.0,183.94,179.01,20.00,23.81,1,1,1
396,1.0,184.67,179.40,19.36,24.42,1,1,1
397,1.0,186.37,180.26,17.38,23.80,1,1,1
398,1.0,187.15,180.89,16.68,23.18,1,1,1
399,1.0,184.63,179.79,18.59,24.57,1,1,1
400,1.0,184.21,180.33,18.48,24.13,1,1,1
401,1.0,185.80,181.93,17.05,22.54,1,1,1
402,1.0,185.67,182.07,17.13,22.53,1,1,1
403,1.0,185.57,182.71,16.58,22.00,1,1,1
404,1.0,185.29,183.05,16.95,21.67,1,1,1
405,1.0,185.23,183.03,17.09,21.90,1,1,1
406,1.0,185.12,183.33,17.28,22.31,1,1,1
407,1.0,184.88,183.82,16.48,22.42,1,1,1
408,10.0,266.60,56.00,26.51,12.69,1,1,1
408,1.0,184.77,183.85,16.67,22.51,1,1,1
409,10.0,264.19,56.00,27.58,12.96,1,1,1
409,1.0,184.35,184.60,17.05,22.61,1,1,1
410,10.0,264.00,56.00,27.80,12.95,1,1,1
410,1.0,184.07,184.90,17.40,22.46,1,1,1
411,1.0,183.88,185.50,16.97,22.40,1,1,1
412,1.0,182.81,186.66,17.39,21.93,1,1,1
413,1.0,182.77,187.26,17.24,21.90,1,1,1
414,1.0,182.77,187.52,17.18,22.18,1,1,1
415,1.0,182.78,187.52,17.17,22.13,1,1,1
416,1.0,182.77,187.53,17.16,22.14,1,1,1
417,1.0,182.74,187.53,17.19,22.28,1,1,1
418,1.0,182.44,188.07,17.32,22.57,1,1,1
419,1.0,182.46,188.08,17.31,22.50,1,1,1
420,1.0,182.47,188.10,17.31,22.47,1,1,1
421,1.0,183.11,188.30,17.35,21.95,1,1,1
422,1.0,183.15,187.91,17.22,21.36,1,1,1
423,1.0,183.18,187.97,17.14,21.08,1,1,1
424,1.0,183.85,188.19,17.03,21.60,1,1,1
425,1.0,183.66,188.81,17.47,21.32,1,1,1
426,1.0,183.62,188.83,17.78,22.35,1,1,1
427,1.0,184.67,189.54,16.82,22.24,1,1,1
428,1.0,185.28,189.03,17.68,22.42,1,1,1
429,1.0,186.05,188.96,17.12,21.19,1,1,1
430,1.0,187.57,188.72,16.80,21.25,1,1,1
431,1.0,188.45,189.02,16.16,21.80,1,1,1
432,1.0,189.11,189.10,15.92,22.01,1,1,1
433,1.0,189.60,189.21,15.93,22.11,1,1,1
434,1.0,189.86,189.20,16.10,21.99,1,1,1
435,1.0,190.75,188.80,15.65,21.64,1,1,1
436,1.0,190.99,188.97,15.51,21.44,1,1,1
437,1.0,191.05,188.73,17.04,21.64,1,1,1
438,1.0,191.32,188.42,17.60,21.48,1,1,1
439,1.0,192.10,188.05,17.60,21.21,1,1,1
440,1.0,192.28,187.87,17.39,21.55,1,1,1
441,1.0,193.22,187.56,17.33,21.21,1,1,1
442,10.0,267.54,64.67,26.59,10.20,1,1,1
442,1.0,193.66,187.34,17.47,21.34,1,1,1
443,10.0,267.94,64.78,26.86,10.41,1,1,1
443,1.0,193.97,187.22,17.45,21.54,1,1,1
444,10.0,267.88,64.80,26.83,10.51,1,1,1
444,1.0,194.15,187.25,17.48,21.60,1,1,1
445,10.0,267.67,65.02,26.81,10.47,1,1,1
445,1.0,194.29,187.66,17.58,21.20,1,1,1
446,10.0,267.33,65.44,26.89,10.60,1,1,1
446,1.0,194.36,188.00,17.43,21.49,1,1,1
447,10.0,267.24,65.81,27.23,10.38,1,1,1
447,1.0,194.30,188.37,17.43,21.64,1,1,1
448,10.0,267.48,65.79,27.27,10.38,1,1,1
448,1.0,194.39,188.30,17.38,22.06,1,1,1
449,10.0,268.27,65.70,27.37,10.18,1,1,1
449,1.0,194.38,187.10,18.46,22.18,1,1,1
450,10.0,269.05,65.58,26.97,9.77,1,1,1
450,1.0,194.60,187.13,18.19,22.02,1,1,1
451,10.0,268.79,65.87,27.48,9.98,1,1,1
451,1.0,194.71,187.45,17.73,22.25,1,1,1
452,10.0,268.80,66.44,26.68,10.45,1,1,1
452,1.0,195.05,188.17,17.24,22.40,1,1,1
453,10.0,268.13,66.86,26.41,10.65,1,1,1
453,1.0,194.88,188.34,17.65,22.95,1,1,1
454,10.0,267.01,66.81,27.23,10.54,1,1,1
454,1.0,194.31,188.41,17.61,22.74,1,1,1
455,10.0,266.00,66.61,27.44,10.10,1,1,1
455,1.0,194.16,188.20,17.79,22.82,1,1,1
456,10.0,265.57,66.50,27.28,10.28,1,1,1
456,1.0,193.55,188.34,17.59,23.00,1,1,1
457,10.0,264.49,66.53,26.85,10.45,1,1,1
457,1.0,193.30,188.35,17.72,22.50,1,1,1
458,10.0,263.94,66.84,26.58,10.58,1,1,1
458,1.0,193.22,188.31,17.83,22.71,1,1,1
459,10.0,263.45,67.11,26.78,10.35,1,1,1
459,1.0,191.96,188.85,18.02,22.91,1,1,1
460,10.0,262.92,67.35,25.96,10.92,1,1,1
460,1.0,191.55,189.51,17.17,22.29,1,1,1
