1,6.0,308.03,87.44,27.85,18.27,1,1,1
1,5.0,349.40,61.78,31.47,17.15,1,1,1
1,4.0,200.63,168.00,27.16,14.88,1,1,1
1,3.0,200.51,168.59,16.71,14.09,1,1,1
1,2.0,309.02,87.11,26.60,13.44,1,1,1
1,1.0,144.54,239.26,14.12,19.40,1,1,1
2,5.0,349.39,59.54,31.47,19.08,1,1,1
2,4.0,200.81,167.41,23.75,12.92,1,1,1
2,3.0,200.78,167.42,12.91,12.52,1,1,1
2,2.0,309.14,85.92,27.17,12.79,1,1,1
2,1.0,145.07,238.25,13.58,19.88,1,1,1
3,5.0,349.55,59.01,30.80,18.62,1,1,1
3,4.0,201.42,166.45,26.19,13.66,1,1,1
3,3.0,201.16,166.60,13.08,13.17,1,1,1
3,2.0,309.59,84.81,26.88,14.53,1,1,1
3,1.0,145.87,237.23,13.46,19.26,1,1,1
4,5.0,349.69,59.00,30.62,18.59,1,1,1
4,4.0,201.44,166.41,24.61,13.32,1,1,1
4,3.0,201.17,166.56,12.96,12.87,1,1,1
4,2.0,308.42,84.32,28.02,15.57,1,1,1
4,1.0,145.82,237.25,13.66,19.27,1,1,1
5,5.0,349.54,59.04,30.79,18.52,1,1,1
5,4.0,202.24,165.93,21.17,14.55,1,1,1
5,3.0,201.72,165.98,12.19,14.01,1,1,1
5,2.0,308.75,83.05,27.41,17.01,1,1,1
5,1.0,146.61,236.73,13.97,19.93,1,1,1
6,5.0,349.53,59.29,30.95,18.03,1,1,1
6,3.0,201.57,165.62,12.07,14.27,1,1,1
6,2.0,309.10,82.83,27.09,16.92,1,1,1
6,1.0,147.59,235.84,14.25,20.35,1,1,1
7,5.0,349.59,59.49,31.10,17.65,1,1,1
7,4.0,204.10,164.85,22.14,14.23,1,1,1
7,3.0,203.30,164.94,14.85,13.93,1,1,1
7,2.0,309.05,82.76,27.07,17.02,1,1,1
7,1.0,148.09,236.03,13.92,20.01,1,1,1
8,5.0,349.35,59.18,31.36,18.07,1,1,1
8,4.0,204.14,164.80,23.55,14.51,1,1,1
8,3.0,203.35,164.90,16.11,14.22,1,1,1
8,2.0,309.36,81.90,26.79,16.04,1,1,1
8,1.0,148.80,235.99,13.61,19.92,1,1,1
9,5.0,349.11,57.09,31.46,19.90,1,1,1
9,4.0,204.58,164.67,24.02,14.20,1,1,1
9,3.0,203.90,164.62,18.16,14.02,1,1,1
9,2.0,309.30,81.70,26.75,16.38,1,1,1
9,1.0,149.61,236.07,14.01,19.94,1,1,1
10,5.0,349.04,57.08,31.53,19.96,1,1,1
10,4.0,204.33,164.61,24.60,12.01,1,1,1
10,2.0,309.04,81.42,27.34,16.48,1,1,1
10,1.0,149.54,234.59,14.52,21.45,1,1,1
11,2.0,308.73,81.02,28.38,14.96,1,1,1
11,1.0,151.07,234.12,10.91,20.57,1,1,1
12,2.0,309.14,80.18,27.61,14.17,1,1,1
12,1.0,150.95,233.97,11.26,20.61,1,1,1
13,2.0,308.54,79.44,28.52,14.44,1,1,1
13,1.0,150.92,233.89,11.33,18.88,1,1,1
14,2.0,308.05,78.17,28.45,10.96,1,1,1
14,1.0,150.96,233.86,11.35,18.76,1,1,1
15,2.0,308.42,77.31,28.44,14.15,1,1,1
15,1.0,151.33,233.66,10.86,14.36,1,1,1
16,2.0,309.51,76.31,27.17,14.84,1,1,1
16,1.0,151.99,230.82,11.13,13.72,1,1,1
17,2.0,308.89,75.48,28.33,14.40,1,1,1
17,1.0,151.99,230.78,10.94,13.65,1,1,1
18,1.0,151.99,231.12,12.50,18.06,1,1,1
19,1.0,151.99,231.22,12.50,17.98,1,1,1
20,1.0,154.55,230.18,14.36,19.34,1,1,1
21,1.0,155.60,230.09,14.71,20.92,1,1,1
22,1.0,155.67,230.06,14.64,24.98,1,1,1
23,1.0,155.92,229.75,14.05,13.11,1,1,1
24,1.0,156.22,229.80,14.47,14.03,1,1,1
25,1.0,156.49,229.69,14.60,14.93,1,1,1
26,1.0,158.23,229.62,13.82,21.77,1,1,1
27,1.0,158.25,229.87,13.12,21.39,1,1,1
28,1.0,158.72,229.50,14.80,22.00,1,1,1
29,1.0,158.57,229.56,15.22,21.81,1,1,1
30,1.0,159.00,228.43,15.85,16.06,1,1,1
31,1.0,159.86,227.35,15.86,22.53,1,1,1
32,1.0,159.71,228.24,16.15,21.92,1,1,1
33,1.0,160.24,227.93,16.67,22.56,1,1,1
34,1.0,160.78,227.30,16.75,21.90,1,1,1
35,1.0,160.76,227.39,17.00,21.71,1,1,1
36,1.0,161.63,225.86,16.81,20.97,1,1,1
37,1.0,161.84,225.83,16.59,20.68,1,1,1
38,1.0,161.94,225.71,16.51,20.84,1,1,1
39,1.0,163.05,224.99,16.09,20.94,1,1,1
40,1.0,163.28,225.24,16.98,21.21,1,1,1
41,3.0,210.21,150.97,23.46,12.98,1,1,1
41,1.0,163.97,224.21,15.47,21.17,1,1,1
42,6.0,302.16,66.15,26.83,13.42,1,1,1
42,3.0,210.21,150.97,23.46,12.98,1,1,1
42,1.0,164.03,224.23,15.33,21.25,1,1,1
43,6.0,301.47,65.88,27.34,14.04,1,1,1
43,3.0,210.20,150.97,23.64,12.87,1,1,1
43,1.0,164.23,224.16,14.79,21.36,1,1,1
44,6.0,300.84,65.68,27.86,13.58,1,1,1
44,3.0,210.20,150.97,23.75,12.77,1,1,1
44,1.0,164.12,223.96,15.34,21.67,1,1,1
45,6.0,300.64,65.60,27.55,13.62,1,1,1
45,3.0,210.36,150.85,24.56,12.80,1,1,1
45,1.0,164.25,224.07,15.47,20.86,1,1,1
46,6.0,300.41,65.51,27.78,13.77,1,1,1
46,3.0,210.51,150.85,24.54,12.14,1,1,1
46,1.0,164.55,223.95,15.26,21.02,1,1,1
47,6.0,299.84,65.43,28.10,13.60,1,1,1
47,3.0,210.61,150.85,24.45,12.58,1,1,1
47,1.0,164.56,224.44,15.23,20.95,1,1,1
48,6.0,299.47,65.38,28.24,13.82,1,1,1
48,3.0,210.61,150.86,24.46,12.76,1,1,1
48,1.0,164.67,224.46,15.19,20.98,1,1,1
49,6.0,298.47,65.41,28.09,14.63,1,1,1
49,3.0,210.57,150.95,23.74,12.57,1,1,1
49,1.0,164.90,224.82,14.96,20.45,1,1,1
50,6.0,297.55,65.37,27.99,13.92,1,1,1
50,3.0,210.53,150.88,23.32,13.08,1,1,1
50,1.0,164.86,224.65,15.03,20.69,1,1,1
51,6.0,296.80,65.13,27.34,13.65,1,1,1
51,3.0,209.47,150.96,22.20,12.80,1,1,1
51,1.0,166.39,225.32,13.75,20.23,1,1,1
52,6.0,295.82,64.82,28.52,13.62,1,1,1
52,3.0,209.06,150.56,23.33,13.09,1,1,1
52,1.0,166.41,225.50,13.72,20.19,1,1,1
53,6.0,295.55,64.66,28.32,13.58,1,1,1
53,3.0,208.77,150.26,23.83,12.87,1,1,1
53,1.0,166.37,225.59,13.74,20.02,1,1,1
54,6.0,294.97,64.36,27.75,13.26,1,1,1
54,3.0,208.74,150.09,22.39,13.18,1,1,1
54,1.0,166.13,224.99,13.84,20.57,1,1,1
55,6.0,294.76,64.29,27.70,13.27,1,1,1
55,3.0,208.44,150.09,22.94,12.68,1,1,1
55,1.0,166.15,225.19,13.90,20.39,1,1,1
56,6.0,294.50,64.11,27.46,13.41,1,1,1
56,3.0,207.91,150.14,22.98,12.74,1,1,1
56,1.0,166.01,225.19,13.90,20.37,1,1,1
57,6.0,293.33,64.01,27.20,13.54,1,1,1
57,3.0,207.85,149.63,22.65,12.43,1,1,1
57,1.0,165.40,225.17,14.59,19.89,1,1,1
58,6.0,292.13,63.96,27.93,13.28,1,1,1
58,3.0,206.74,149.78,23.30,13.52,1,1,1
58,1.0,165.27,225.28,13.49,19.84,1,1,1
59,6.0,291.59,63.71,28.25,13.56,1,1,1
59,3.0,206.86,149.73,20.54,13.07,1,1,1
59,1.0,165.03,225.22,13.75,19.69,1,1,1
60,6.0,291.18,63.43,28.25,13.28,1,1,1
60,3.0,206.60,149.50,20.72,12.44,1,1,1
60,1.0,164.81,225.10,13.94,19.52,1,1,1
61,6.0,290.21,63.23,27.80,13.49,1,1,1
61,3.0,206.13,149.17,19.84,12.55,1,1,1
61,1.0,164.33,224.62,14.00,19.21,1,1,1
62,6.0,289.85,63.30,27.43,13.54,1,1,1
62,3.0,205.66,149.38,20.35,12.59,1,1,1
62,1.0,164.64,224.50,13.79,19.33,1,1,1
63,6.0,289.60,63.42,27.24,13.61,1,1,1
63,3.0,205.48,149.52,20.34,12.56,1,1,1
63,1.0,163.91,224.57,14.32,19.00,1,1,1
64,6.0,288.60,63.46,27.97,13.95,1,1,1
64,3.0,205.48,149.53,20.33,12.53,1,1,1
64,1.0,163.93,224.58,14.02,19.00,1,1,1
65,6.0,288.43,63.50,27.49,13.97,1,1,1
65,3.0,205.48,149.53,20.32,12.52,1,1,1
65,1.0,163.84,224.52,13.89,18.99,1,1,1
66,6.0,288.17,63.68,27.45,13.78,1,1,1
66,3.0,204.85,149.65,20.34,12.46,1,1,1
66,1.0,163.59,224.58,14.27,18.96,1,1,1
67,6.0,287.52,63.86,27.69,13.71,1,1,1
67,3.0,204.82,149.68,19.48,12.53,1,1,1
67,1.0,163.52,224.51,13.73,19.27,1,1,1
68,6.0,287.13,64.06,27.70,13.60,1,1,1
68,3.0,204.83,149.57,19.39,12.80,1,1,1
68,1.0,163.16,224.27,14.23,19.61,1,1,1
69,6.0,286.60,64.13,27.55,13.54,1,1,1
69,3.0,204.17,149.44,19.52,13.54,1,1,1
69,1.0,163.23,224.42,14.16,19.51,1,1,1
70,6.0,285.31,63.98,27.16,13.56,1,1,1
70,3.0,203.40,150.71,19.77,11.87,1,1,1
70,1.0,162.47,225.13,13.59,19.49,1,1,1
71,6.0,284.26,64.00,27.65,13.60,1,1,1
71,3.0,202.59,151.17,18.87,12.27,1,1,1
71,1.0,162.25,225.50,14.22,20.16,1,1,1
72,6.0,282.56,63.95,28.71,13.72,1,1,1
72,3.0,201.64,151.02,19.23,10.47,1,1,1
72,1.0,161.65,225.16,14.11,20.52,1,1,1
73,6.0,282.03,63.49,28.12,13.72,1,1,1
73,3.0,200.82,150.38,19.28,11.37,1,1,1
73,1.0,160.60,225.00,14.53,19.46,1,1,1
74,6.0,281.79,63.00,27.75,13.99,1,1,1
74,3.0,200.70,149.56,19.10,12.00,1,1,1
74,1.0,160.59,224.38,14.04,19.46,1,1,1
75,6.0,282.09,62.75,26.86,13.92,1,1,1
75,3.0,200.00,148.71,17.50,12.12,1,1,1
75,1.0,159.81,224.08,14.01,19.96,1,1,1
76,6.0,280.58,62.31,27.94,14.47,1,1,1
76,3.0,198.80,148.55,17.67,13.35,1,1,1
76,1.0,159.45,224.04,14.11,20.03,1,1,1
77,6.0,279.49,62.24,28.20,14.51,1,1,1
77,3.0,198.77,148.65,17.32,13.05,1,1,1
77,1.0,159.24,224.07,14.24,20.16,1,1,1
78,6.0,278.69,62.18,28.61,14.50,1,1,1
78,3.0,198.91,148.79,16.17,13.13,1,1,1
78,1.0,158.51,223.98,14.28,20.54,1,1,1
79,6.0,278.34,61.93,28.40,14.48,1,1,1
79,3.0,198.31,148.87,14.86,13.49,1,1,1
79,1.0,158.31,223.99,14.31,20.39,1,1,1
80,6.0,276.67,61.80,29.59,14.24,1,1,1
80,3.0,197.73,148.60,17.16,13.77,1,1,1
80,1.0,158.23,223.75,14.17,20.35,1,1,1
81,6.0,278.08,61.24,27.25,14.93,1,1,1
81,3.0,197.20,148.13,17.84,11.30,1,1,1
81,1.0,158.14,223.37,14.36,19.29,1,1,1
82,6.0,276.61,60.79,28.76,14.99,1,1,1
82,3.0,195.57,147.32,19.93,12.09,1,1,1
82,1.0,157.27,222.69,14.51,19.16,1,1,1
83,6.0,276.83,60.71,28.27,14.78,1,1,1
83,3.0,196.08,147.40,18.88,11.77,1,1,1
83,1.0,157.07,222.81,14.84,19.06,1,1,1
84,6.0,276.27,60.68,28.65,14.49,1,1,1
84,3.0,195.87,146.68,18.94,11.67,1,1,1
84,1.0,156.49,222.67,14.83,19.05,1,1,1
85,6.0,275.68,60.46,29.09,14.64,1,1,1
85,3.0,195.70,146.55,17.84,10.92,1,1,1
85,1.0,156.28,221.68,14.09,19.25,1,1,1
86,6.0,275.48,60.06,28.61,15.20,1,1,1
86,3.0,194.79,146.00,19.75,11.69,1,1,1
86,1.0,155.75,220.99,14.64,18.87,1,1,1
87,6.0,275.50,59.79,28.24,15.19,1,1,1
87,3.0,194.74,145.71,18.44,12.37,1,1,1
87,1.0,155.21,220.91,15.31,19.05,1,1,1
88,6.0,274.75,59.74,29.19,15.22,1,1,1
88,3.0,194.64,145.87,17.96,11.72,1,1,1
88,1.0,155.14,220.98,15.41,18.97,1,1,1
89,6.0,273.82,59.71,27.61,16.24,1,1,1
89,3.0,194.26,145.81,17.60,12.20,1,1,1
89,1.0,154.35,220.88,15.99,19.00,1,1,1
90,6.0,273.69,59.35,27.75,16.06,1,1,1
90,3.0,193.97,145.69,17.90,14.56,1,1,1
90,1.0,154.30,220.73,15.88,19.09,1,1,1
91,6.0,273.66,59.23,27.59,15.89,1,1,1
91,3.0,193.83,145.54,15.22,14.49,1,1,1
91,1.0,154.69,219.59,14.39,19.56,1,1,1
92,6.0,273.36,58.97,27.13,15.80,1,1,1
92,3.0,193.14,144.93,16.25,14.59,1,1,1
92,1.0,154.42,218.44,14.30,20.45,1,1,1
93,6.0,273.08,59.01,27.16,15.39,1,1,1
93,3.0,193.18,144.90,16.13,14.19,1,1,1
93,1.0,154.36,217.87,14.15,21.02,1,1,1
94,6.0,272.60,59.03,27.33,15.32,1,1,1
94,3.0,192.84,144.80,16.33,14.47,1,1,1
94,1.0,153.09,217.74,15.00,21.03,1,1,1
95,6.0,272.26,59.13,27.01,15.37,1,1,1
95,3.0,192.82,144.85,15.55,13.77,1,1,1
95,1.0,153.11,217.88,14.99,20.95,1,1,1
96,6.0,271.88,59.02,26.68,15.30,1,1,1
96,3.0,192.51,144.80,15.78,14.72,1,1,1
96,1.0,152.75,217.79,15.36,21.00,1,1,1
97,6.0,271.12,59.30,27.24,15.03,1,1,1
97,3.0,192.04,144.66,15.54,14.05,1,1,1
97,1.0,152.41,217.77,15.68,21.06,1,1,1
98,6.0,270.76,59.37,27.01,15.24,1,1,1
98,3.0,191.33,144.76,15.38,14.73,1,1,1
98,1.0,151.95,217.86,15.59,20.76,1,1,1
99,6.0,270.34,59.50,27.02,15.19,1,1,1
99,3.0,190.23,144.59,15.41,12.88,1,1,1
99,1.0,151.33,217.85,15.88,21.22,1,1,1
100,6.0,269.68,59.66,26.98,15.29,1,1,1
100,3.0,190.20,144.71,15.49,12.97,1,1,1
100,1.0,151.06,217.99,16.06,21.02,1,1,1
101,6.0,268.51,60.02,28.04,14.81,1,1,1
101,3.0,189.28,145.34,15.02,11.14,1,1,1
101,1.0,149.58,219.29,16.77,19.95,1,1,1
102,6.0,268.51,60.05,27.36,14.84,1,1,1
102,3.0,189.08,145.16,15.06,11.30,1,1,1
102,1.0,149.64,219.10,16.69,20.30,1,1,1
103,6.0,268.46,60.02,27.56,15.55,1,1,1
103,3.0,188.48,145.15,15.41,11.12,1,1,1
103,1.0,149.15,218.86,16.85,20.51,1,1,1
104,6.0,268.26,59.95,27.28,15.99,1,1,1
104,3.0,188.49,145.07,15.40,11.14,1,1,1
104,1.0,148.23,219.10,16.22,20.34,1,1,1
105,6.0,267.78,60.03,27.62,15.41,1,1,1
105,3.0,187.71,145.11,15.68,11.13,1,1,1
105,1.0,148.14,219.36,16.46,20.16,1,1,1
106,6.0,267.20,60.27,27.18,15.70,1,1,1
106,3.0,187.10,145.11,15.50,11.21,1,1,1
106,1.0,147.62,219.13,16.52,20.21,1,1,1
107,6.0,266.97,60.28,27.44,15.52,1,1,1
107,3.0,186.98,145.12,15.54,10.91,1,1,1
107,1.0,147.95,219.05,15.88,20.52,1,1,1
108,6.0,266.60,60.37,25.87,15.58,1,1,1
108,3.0,186.97,145.32,14.30,11.24,1,1,1
108,1.0,147.53,218.96,15.62,20.76,1,1,1
109,6.0,266.62,60.37,25.87,15.87,1,1,1
109,3.0,186.98,145.22,14.29,11.53,1,1,1
109,1.0,146.87,218.81,16.99,20.55,1,1,1
110,6.0,266.65,60.40,25.93,15.87,1,1,1
110,3.0,187.10,145.31,14.23,14.50,1,1,1
110,1.0,146.82,218.61,16.82,20.35,1,1,1
111,6.0,265.86,60.42,26.60,16.01,1,1,1
111,3.0,186.57,145.47,14.43,13.95,1,1,1
111,1.0,146.55,218.61,16.30,20.51,1,1,1
112,6.0,266.47,60.62,25.51,15.75,1,1,1
112,3.0,186.57,145.38,14.43,13.89,1,1,1
112,1.0,146.26,218.59,15.96,20.51,1,1,1
113,6.0,266.92,60.63,25.07,15.96,1,1,1
113,3.0,186.61,145.51,14.36,13.66,1,1,1
113,1.0,146.28,218.73,15.81,20.40,1,1,1
114,6.0,267.11,61.12,25.82,15.48,1,1,1
114,3.0,186.49,145.85,14.49,13.24,1,1,1
114,1.0,146.11,218.59,15.87,20.62,1,1,1
115,6.0,267.51,61.49,26.47,15.12,1,1,1
115,3.0,186.58,145.28,14.61,13.21,1,1,1
115,1.0,146.06,217.99,15.73,21.27,1,1,1
116,6.0,267.69,61.62,26.73,14.73,1,1,1
116,3.0,186.71,145.34,14.50,14.05,1,1,1
116,1.0,146.02,217.51,15.45,21.00,1,1,1
117,6.0,268.58,61.70,27.08,14.54,1,1,1
117,3.0,187.77,144.77,14.12,14.43,1,1,1
117,1.0,145.86,217.36,15.38,20.89,1,1,1
118,6.0,268.98,61.70,26.98,14.63,1,1,1
118,3.0,187.74,144.79,14.02,14.46,1,1,1
118,1.0,145.89,217.25,15.50,20.44,1,1,1
119,6.0,269.09,61.75,26.88,14.57,1,1,1
119,3.0,187.78,144.47,14.47,14.43,1,1,1
119,1.0,146.14,216.66,15.63,21.21,1,1,1
120,6.0,269.05,61.75,27.27,14.39,1,1,1
120,3.0,187.76,144.41,14.52,15.15,1,1,1
120,1.0,146.15,216.37,15.36,20.42,1,1,1
121,6.0,270.07,62.05,27.00,13.72,1,1,1
121,3.0,188.73,143.87,14.13,11.55,1,1,1
121,1.0,146.99,216.02,13.39,20.30,1,1,1
122,6.0,270.39,61.52,27.45,14.39,1,1,1
122,3.0,189.00,143.11,14.93,10.97,1,1,1
122,1.0,147.00,214.75,13.98,19.79,1,1,1
123,6.0,271.01,61.08,28.08,14.51,1,1,1
123,3.0,189.90,142.74,15.62,11.65,1,1,1
123,1.0,147.18,213.10,14.57,21.05,1,1,1
124,6.0,272.21,60.82,28.02,14.92,1,1,1
124,3.0,190.27,141.47,15.28,12.00,1,1,1
124,1.0,147.57,212.31,14.26,20.62,1,1,1
125,6.0,273.38,60.70,27.41,14.70,1,1,1
125,3.0,191.24,140.64,17.15,11.68,1,1,1
125,1.0,147.54,212.05,14.30,20.48,1,1,1
126,6.0,274.36,60.76,27.74,15.29,1,1,1
126,3.0,191.77,140.60,16.30,11.46,1,1,1
126,1.0,148.12,211.14,13.99,20.75,1,1,1
127,6.0,274.89,60.68,27.54,15.30,1,1,1
127,3.0,193.05,140.62,15.66,10.96,1,1,1
127,1.0,148.08,211.05,14.16,20.74,1,1,1
128,6.0,275.19,61.02,27.75,15.00,1,1,1
128,3.0,192.99,140.60,16.26,11.03,1,1,1
128,1.0,148.26,211.05,13.76,20.46,1,1,1
129,6.0,276.47,61.24,27.04,14.74,1,1,1
129,3.0,193.60,140.69,16.30,10.38,1,1,1
129,1.0,148.13,210.99,13.89,20.53,1,1,1
130,6.0,276.34,61.36,27.96,14.69,1,1,1
130,3.0,193.56,140.72,16.17,10.29,1,1,1
130,1.0,149.19,210.12,12.85,20.60,1,1,1
131,6.0,277.47,61.73,28.43,15.10,1,1,1
131,3.0,194.42,139.69,14.35,12.21,1,1,1
131,1.0,150.86,208.85,13.01,21.64,1,1,1
132,6.0,277.35,61.74,28.44,14.78,1,1,1
132,3.0,194.80,139.39,14.47,11.75,1,1,1
132,1.0,150.91,208.15,13.04,21.32,1,1,1
133,6.0,279.67,61.93,27.44,14.66,1,1,1
133,3.0,195.71,139.03,14.73,12.65,1,1,1
133,1.0,150.94,207.52,14.23,21.63,1,1,1
134,6.0,281.37,61.95,27.12,15.22,1,1,1
134,3.0,196.56,138.37,14.72,12.53,1,1,1
134,1.0,151.76,207.01,13.32,22.04,1,1,1
135,6.0,282.44,62.02,26.39,15.23,1,1,1
135,3.0,196.81,138.24,14.69,12.28,1,1,1
135,1.0,151.88,206.75,14.13,22.01,1,1,1
136,6.0,283.38,62.63,26.76,14.59,1,1,1
136,3.0,197.96,138.51,14.97,12.04,1,1,1
136,1.0,151.99,206.51,14.34,20.23,1,1,1
137,6.0,284.45,62.67,26.23,14.73,1,1,1
137,3.0,198.98,138.21,14.61,11.37,1,1,1
137,1.0,152.98,205.76,15.06,21.40,1,1,1
138,6.0,285.76,62.85,25.74,14.51,1,1,1
138,3.0,198.88,138.20,14.73,11.35,1,1,1
138,1.0,153.11,205.03,14.95,21.88,1,1,1
139,6.0,286.64,62.94,26.13,14.39,1,1,1
139,3.0,199.20,138.18,14.93,11.00,1,1,1
139,1.0,153.16,204.46,15.17,21.33,1,1,1
140,6.0,287.23,63.00,26.41,14.53,1,1,1
140,3.0,200.12,137.60,15.54,10.84,1,1,1
140,1.0,153.54,203.61,14.65,21.55,1,1,1
141,6.0,287.91,62.73,26.78,14.22,1,1,1
141,3.0,201.21,136.99,15.19,10.95,1,1,1
141,1.0,153.95,203.30,14.86,20.56,1,1,1
142,6.0,288.55,62.75,26.21,14.28,1,1,1
142,3.0,201.30,136.92,15.13,10.18,1,1,1
142,1.0,153.87,203.31,14.83,19.91,1,1,1
143,6.0,289.54,62.84,25.25,14.33,1,1,1
143,3.0,201.23,136.77,15.25,10.08,1,1,1
143,1.0,153.86,203.01,14.85,19.83,1,1,1
144,6.0,289.79,62.99,25.84,14.49,1,1,1
144,3.0,201.63,136.68,15.14,9.97,1,1,1
144,1.0,154.02,201.92,14.58,19.96,1,1,1
145,6.0,291.26,62.99,24.94,14.57,1,1,1
145,3.0,202.14,136.61,15.09,10.15,1,1,1
145,1.0,154.47,201.49,14.32,20.31,1,1,1
146,6.0,291.09,63.19,25.63,15.56,1,1,1
146,3.0,202.54,136.65,15.45,9.11,1,1,1
146,1.0,154.53,201.53,14.67,20.35,1,1,1
147,6.0,291.02,63.33,26.00,14.72,1,1,1
147,3.0,202.23,136.42,16.35,9.72,1,1,1
147,1.0,154.57,201.61,15.19,19.92,1,1,1
148,6.0,290.91,63.59,26.32,14.89,1,1,1
148,3.0,202.72,136.59,16.13,9.65,1,1,1
148,1.0,154.64,201.39,15.18,20.12,1,1,1
149,6.0,291.83,63.70,25.43,14.99,1,1,1
149,3.0,202.63,136.60,16.24,9.61,1,1,1
149,1.0,154.57,201.25,15.28,19.14,1,1,1
150,6.0,291.80,63.58,26.12,15.03,1,1,1
150,3.0,203.52,135.88,15.58,9.88,1,1,1
150,1.0,154.52,201.26,15.33,19.07,1,1,1
151,6.0,291.72,63.48,26.63,15.45,1,1,1
151,3.0,203.45,135.42,16.26,10.13,1,1,1
151,1.0,154.80,198.70,17.15,21.33,1,1,1
152,6.0,292.11,63.46,26.22,14.99,1,1,1
152,3.0,203.88,135.55,18.73,15.99,1,1,1
152,1.0,155.16,198.88,16.11,20.83,1,1,1
153,6.0,292.01,63.28,26.44,15.12,1,1,1
153,3.0,203.80,135.46,18.84,16.20,1,1,1
153,1.0,155.25,198.04,15.10,21.29,1,1,1
154,6.0,292.00,63.23,26.58,15.18,1,1,1
154,3.0,203.63,135.31,18.69,16.18,1,1,1
154,1.0,154.89,197.36,15.36,21.19,1,1,1
155,6.0,291.94,62.95,27.10,15.35,1,1,1
155,3.0,203.80,135.19,18.39,16.38,1,1,1
155,1.0,154.83,197.17,15.42,21.24,1,1,1
156,6.0,291.94,62.94,27.08,15.33,1,1,1
156,3.0,203.33,135.22,18.72,16.36,1,1,1
156,1.0,154.86,197.16,15.54,20.76,1,1,1
157,6.0,292.14,62.96,26.84,15.13,1,1,1
157,3.0,203.52,135.13,18.20,15.65,1,1,1
157,1.0,154.85,196.93,15.00,20.86,1,1,1
158,6.0,292.18,62.99,26.92,15.13,1,1,1
158,3.0,203.58,134.78,18.46,16.36,1,1,1
158,1.0,154.90,196.91,14.92,20.72,1,1,1
159,6.0,292.36,62.97,27.00,15.18,1,1,1
159,3.0,203.59,134.54,18.18,10.38,1,1,1
159,1.0,155.07,196.51,15.79,20.55,1,1,1
160,6.0,292.77,62.84,27.82,14.96,1,1,1
160,3.0,204.19,133.09,17.83,13.96,1,1,1
160,1.0,155.71,195.77,15.64,20.27,1,1,1
161,6.0,294.38,62.65,25.70,14.67,1,1,1
161,3.0,203.80,132.30,17.92,9.59,1,1,1
161,1.0,155.89,194.80,15.54,20.98,1,1,1
162,6.0,294.00,62.55,26.59,14.43,1,1,1
162,3.0,204.49,132.07,17.56,9.56,1,1,1
162,1.0,155.95,194.70,15.58,20.99,1,1,1
163,6.0,294.21,62.41,26.52,14.40,1,1,1
163,3.0,204.50,132.10,17.37,9.44,1,1,1
163,1.0,156.04,194.58,15.50,21.09,1,1,1
164,6.0,294.23,62.29,26.80,14.51,1,1,1
164,3.0,204.42,131.92,17.44,9.55,1,1,1
164,1.0,156.13,194.16,15.45,21.04,1,1,1
165,6.0,294.08,62.15,26.97,14.53,1,1,1
165,3.0,204.84,131.24,16.83,9.76,1,1,1
165,1.0,156.28,193.93,15.29,21.33,1,1,1
166,6.0,294.24,62.14,26.84,14.41,1,1,1
166,3.0,204.79,131.22,16.93,9.90,1,1,1
166,1.0,156.44,193.86,15.30,21.10,1,1,1
167,6.0,294.03,62.12,27.04,14.50,1,1,1
167,3.0,204.78,131.21,17.34,10.03,1,1,1
167,1.0,156.41,193.93,15.35,20.98,1,1,1
168,6.0,294.11,62.00,27.31,14.63,1,1,1
168,3.0,204.81,131.19,17.51,10.05,1,1,1
168,1.0,156.51,193.07,16.73,21.40,1,1,1
169,6.0,294.17,61.96,27.56,14.72,1,1,1
169,3.0,204.53,131.00,18.42,9.83,1,1,1
169,1.0,156.53,192.35,16.40,21.65,1,1,1
170,6.0,294.56,61.32,25.93,15.10,1,1,1
170,3.0,205.10,130.73,17.37,9.62,1,1,1
170,1.0,156.58,192.13,16.81,20.49,1,1,1
171,6.0,294.44,61.03,26.18,15.09,1,1,1
171,3.0,204.60,129.60,18.18,9.32,1,1,1
171,1.0,156.79,191.07,15.73,21.46,1,1,1
172,6.0,294.66,61.04,26.45,15.27,1,1,1
172,3.0,204.84,129.63,17.81,9.63,1,1,1
172,1.0,156.77,191.04,15.72,21.34,1,1,1
173,6.0,295.02,60.59,26.01,15.24,1,1,1
173,3.0,204.68,129.88,18.19,8.82,1,1,1
173,1.0,156.75,190.63,15.92,21.62,1,1,1
174,6.0,294.65,60.43,26.27,14.97,1,1,1
174,3.0,204.65,129.45,18.60,8.48,1,1,1
174,1.0,156.76,190.43,15.86,21.74,1,1,1
175,6.0,294.70,60.17,26.83,15.03,1,1,1
175,3.0,204.78,129.09,18.76,8.43,1,1,1
175,1.0,156.93,190.35,16.01,21.30,1,1,1
176,6.0,294.79,59.76,26.77,15.29,1,1,1
176,3.0,205.42,128.89,18.57,8.61,1,1,1
176,1.0,157.01,189.55,16.23,20.83,1,1,1
177,6.0,294.93,59.45,26.58,14.64,1,1,1
177,3.0,205.39,128.11,18.12,9.32,1,1,1
177,1.0,157.03,188.92,16.10,21.43,1,1,1
178,6.0,294.74,58.55,27.03,14.54,1,1,1
178,3.0,204.97,127.71,19.62,9.44,1,1,1
178,1.0,157.02,188.29,16.34,20.91,1,1,1
179,6.0,294.91,58.13,26.96,15.46,1,1,1
179,3.0,204.98,126.90,19.74,9.49,1,1,1
179,1.0,157.10,188.03,16.07,20.65,1,1,1
180,6.0,294.85,57.68,26.93,15.34,1,1,1
180,3.0,205.06,126.82,19.74,9.75,1,1,1
180,1.0,157.04,187.36,16.11,20.57,1,1,1
181,6.0,294.60,57.52,26.42,14.73,1,1,1
181,3.0,204.42,126.49,20.18,10.43,1,1,1
181,1.0,158.79,187.73,16.15,20.34,1,1,1
182,6.0,294.45,57.20,26.84,14.91,1,1,1
182,3.0,204.42,126.16,20.17,10.49,1,1,1
182,1.0,158.73,187.50,16.23,20.55,1,1,1
183,6.0,294.40,56.93,26.90,15.10,1,1,1
183,3.0,204.27,125.65,20.05,11.55,1,1,1
183,1.0,158.89,187.38,16.31,19.75,1,1,1
184,6.0,295.07,56.55,25.91,15.51,1,1,1
184,1.0,158.63,186.40,16.46,20.33,1,1,1
185,1.0,158.51,185.14,16.67,20.90,1,1,1
186,1.0,158.46,184.51,16.59,20.97,1,1,1
187,1.0,158.87,184.09,17.02,20.00,1,1,1
188,1.0,158.70,182.16,16.91,20.52,1,1,1
189,1.0,158.83,182.01,17.03,21.15,1,1,1
190,1.0,159.85,181.02,16.74,21.65,1,1,1
191,1.0,160.54,179.75,16.71,21.92,1,1,1
192,1.0,160.68,179.35,16.39,22.67,1,1,1
193,1.0,161.12,179.10,16.53,21.77,1,1,1
194,1.0,161.61,178.98,17.26,21.73,1,1,1
195,1.0,162.50,178.53,16.95,21.64,1,1,1
196,1.0,162.92,178.29,17.15,21.04,1,1,1
197,6.0,300.12,53.05,27.44,13.94,1,1,1
197,1.0,164.25,177.74,17.50,21.05,1,1,1
198,6.0,300.66,53.09,27.97,13.83,1,1,1
198,1.0,164.79,177.56,18.13,21.22,1,1,1
199,6.0,301.65,53.13,28.06,13.81,1,1,1
199,1.0,166.15,176.88,17.19,21.45,1,1,1
200,6.0,301.92,53.15,28.77,13.78,1,1,1
200,1.0,166.36,176.41,18.05,21.38,1,1,1
201,6.0,303.38,53.02,27.87,13.79,1,1,1
201,1.0,167.53,174.91,17.45,21.67,1,1,1
202,6.0,303.75,52.96,27.96,13.78,1,1,1
202,1.0,167.95,174.95,17.53,21.58,1,1,1
203,6.0,304.29,52.83,28.21,13.99,1,1,1
203,1.0,168.80,175.18,17.19,21.02,1,1,1
204,6.0,304.99,52.66,28.43,14.13,1,1,1
204,1.0,169.64,174.53,16.90,21.24,1,1,1
205,6.0,306.28,52.64,27.72,13.84,1,1,1
205,1.0,169.67,174.21,16.94,21.53,1,1,1
206,6.0,306.65,52.57,28.14,13.95,1,1,1
206,1.0,170.78,174.07,16.93,21.71,1,1,1
207,6.0,307.13,52.49,27.93,14.18,1,1,1
207,1.0,171.56,174.02,16.71,20.74,1,1,1
208,6.0,307.67,52.64,28.03,13.85,1,1,1
208,1.0,172.20,173.97,16.67,20.76,1,1,1
209,6.0,308.67,52.75,27.60,13.69,1,1,1
209,1.0,172.64,173.82,16.67,20.67,1,1,1
210,6.0,309.52,52.77,26.72,13.73,1,1,1
210,1.0,173.16,173.89,16.98,20.57,1,1,1
211,6.0,310.22,53.00,26.65,13.48,1,1,1
211,1.0,173.94,174.15,17.84,21.40,1,1,1
212,6.0,310.72,53.03,26.87,14.44,1,1,1
212,1.0,174.64,174.72,15.89,19.32,1,1,1
213,6.0,310.65,53.31,26.80,14.21,1,1,1
213,1.0,174.95,174.54,15.48,19.37,1,1,1
214,6.0,310.60,53.84,26.48,13.30,1,1,1
214,1.0,175.08,175.08,16.15,20.02,1,1,1
215,6.0,310.50,54.05,25.52,12.84,1,1,1
215,1.0,175.07,175.09,16.14,19.93,1,1,1
216,6.0,310.47,54.09,25.55,12.83,1,1,1
216,1.0,175.07,175.08,16.16,19.96,1,1,1
217,6.0,310.47,54.07,25.82,12.72,1,1,1
217,1.0,175.21,175.03,16.14,20.01,1,1,1
218,6.0,309.46,53.42,26.66,13.21,1,1,1
218,1.0,175.21,175.03,16.16,20.06,1,1,1
219,6.0,309.15,53.45,26.72,13.29,1,1,1
219,1.0,175.48,175.07,15.90,20.11,1,1,1
220,6.0,308.80,53.59,25.84,13.42,1,1,1
220,1.0,175.70,175.59,16.28,20.13,1,1,1
221,6.0,307.29,53.99,27.18,13.05,1,1,1
221,1.0,175.49,176.47,17.65,19.57,1,1,1
222,6.0,306.32,54.15,26.39,13.75,1,1,1
222,1.0,175.23,176.23,17.90,21.06,1,1,1
223,6.0,304.39,54.30,26.89,13.18,1,1,1
223,3.0,219.35,119.98,22.32,9.66,1,1,1
223,1.0,175.01,177.79,17.12,20.09,1,1,1
224,6.0,303.51,54.39,26.64,13.14,1,1,1
224,1.0,174.74,178.14,17.69,19.84,1,1,1
225,6.0,302.75,54.38,26.76,12.72,1,1,1
225,1.0,174.12,178.39,17.88,19.67,1,1,1
226,6.0,302.50,54.35,26.07,12.67,1,1,1
226,1.0,173.54,178.46,18.17,20.38,1,1,1
227,6.0,300.47,54.26,26.94,12.72,1,1,1
227,1.0,172.87,178.93,16.54,19.96,1,1,1
228,6.0,299.65,54.25,26.43,13.25,1,1,1
228,1.0,172.75,179.76,16.32,20.15,1,1,1
229,6.0,297.87,54.44,27.19,12.68,1,1,1
229,1.0,172.03,180.07,16.09,20.89,1,1,1
230,6.0,297.66,54.85,26.18,11.66,1,1,1
230,1.0,170.82,181.33,17.54,20.59,1,1,1
231,6.0,295.90,55.22,26.28,11.90,1,1,1
231,1.0,170.23,182.27,16.02,20.84,1,1,1
232,6.0,294.59,55.28,26.98,11.91,1,1,1
232,1.0,169.42,182.91,21.87,20.74,1,1,1
233,6.0,292.71,55.59,27.57,12.01,1,1,1
233,1.0,169.16,184.35,15.28,20.91,1,1,1
234,6.0,291.03,55.94,27.74,13.60,1,1,1
234,1.0,169.04,184.60,15.55,21.50,1,1,1
235,6.0,291.00,55.99,26.81,10.81,1,1,1
235,1.0,167.84,186.52,15.54,20.88,1,1,1
236,6.0,290.14,55.99,26.97,11.86,1,1,1
236,1.0,168.03,186.74,17.47,20.99,1,1,1
237,6.0,287.78,55.99,27.77,10.94,1,1,1
237,1.0,167.28,187.90,14.67,20.64,1,1,1
238,6.0,286.35,56.00,27.92,11.86,1,1,1
238,1.0,167.26,188.26,13.98,21.14,1,1,1
239,6.0,285.79,55.99,27.93,11.47,1,1,1
239,1.0,165.78,188.71,16.57,22.11,1,1,1
240,1.0,165.87,189.59,18.29,22.12,1,1,1
241,1.0,165.88,192.28,16.73,21.16,1,1,1
242,1.0,165.59,191.82,14.35,21.69,1,1,1
243,1.0,165.03,191.73,15.08,21.60,1,1,1
244,1.0,164.42,191.74,15.75,20.67,1,1,1
245,1.0,163.36,192.57,14.26,21.01,1,1,1
246,1.0,162.36,193.03,16.39,22.59,1,1,1
247,1.0,162.92,193.82,17.51,22.24,1,1,1
248,1.0,162.36,194.05,18.11,22.18,1,1,1
249,1.0,162.36,194.11,18.23,22.25,1,1,1
250,6.0,273.15,58.70,26.72,14.01,1,1,1
250,1.0,161.81,193.20,20.26,23.48,1,1,1
251,6.0,272.78,59.05,26.64,13.90,1,1,1
251,1.0,161.88,192.15,21.97,25.60,1,1,1
252,6.0,272.28,59.21,27.01,14.26,1,1,1
252,1.0,161.86,192.73,21.85,25.49,1,1,1
253,6.0,271.42,59.20,27.21,14.42,1,1,1
253,1.0,161.88,193.71,20.97,25.25,1,1,1
254,6.0,271.00,59.44,26.78,14.00,1,1,1
254,1.0,162.03,195.30,20.34,24.30,1,1,1
255,6.0,270.56,59.64,26.73,13.92,1,1,1
255,1.0,162.12,195.40,19.50,24.28,1,1,1
256,6.0,269.56,59.67,27.71,13.72,1,1,1
256,1.0,162.20,195.53,18.66,24.26,1,1,1
257,6.0,269.42,58.84,27.63,14.46,1,1,1
257,1.0,162.37,195.36,18.00,23.78,1,1,1
258,6.0,269.51,58.55,27.39,14.29,1,1,1
258,1.0,162.72,195.26,17.50,23.52,1,1,1
259,6.0,269.81,58.46,27.18,14.44,1,1,1
259,1.0,163.05,194.50,17.82,23.61,1,1,1
260,6.0,270.20,58.42,27.10,14.38,1,1,1
260,1.0,163.62,194.36,16.96,23.63,1,1,1
261,6.0,271.16,58.51,26.93,14.51,1,1,1
261,1.0,164.93,194.25,17.99,22.80,1,1,1
262,6.0,271.83,58.64,26.73,14.36,1,1,1
262,1.0,166.12,193.95,16.41,22.91,1,1,1
263,6.0,272.91,58.64,26.12,14.81,1,1,1
263,1.0,167.16,194.53,17.48,22.39,1,1,1
264,6.0,273.60,58.66,25.53,15.10,1,1,1
264,1.0,168.37,194.48,16.72,22.49,1,1,1
265,6.0,274.64,59.05,27.66,14.99,1,1,1
265,1.0,169.32,194.58,16.83,22.27,1,1,1
266,6.0,276.95,59.33,26.06,14.30,1,1,1
266,1.0,170.11,193.70,16.38,23.26,1,1,1
267,6.0,278.54,59.44,26.15,14.07,1,1,1
267,1.0,171.39,193.08,16.68,22.69,1,1,1
268,6.0,279.13,59.35,26.88,14.35,1,1,1
268,1.0,172.54,193.01,16.79,21.91,1,1,1
269,6.0,280.29,59.43,25.78,14.34,1,1,1
269,1.0,173.75,192.91,16.45,22.01,1,1,1
270,6.0,281.71,59.25,26.36,14.70,1,1,1
270,1.0,174.82,191.26,18.43,23.76,1,1,1
271,6.0,282.58,59.67,27.63,13.97,1,1,1
271,1.0,175.85,191.13,17.73,23.21,1,1,1
272,6.0,283.20,60.48,27.98,13.73,1,1,1
272,1.0,177.35,190.68,16.86,22.75,1,1,1
273,6.0,283.15,59.75,29.38,15.25,1,1,1
273,1.0,178.48,189.34,17.95,22.54,1,1,1
274,6.0,284.55,59.43,28.54,15.20,1,1,1
274,1.0,179.33,188.63,17.96,22.69,1,1,1
275,6.0,285.15,59.25,28.41,15.64,1,1,1
275,1.0,180.07,188.10,19.18,23.19,1,1,1
276,6.0,286.85,59.34,27.71,15.37,1,1,1
276,1.0,180.97,188.31,17.63,22.34,1,1,1
277,6.0,288.31,59.10,26.47,14.83,1,1,1
277,1.0,182.59,186.48,16.86,22.97,1,1,1
278,6.0,289.54,58.85,26.89,15.20,1,1,1
278,1.0,183.87,185.21,17.55,23.41,1,1,1
279,6.0,290.16,58.31,27.18,15.24,1,1,1
279,1.0,184.07,185.08,17.51,23.03,1,1,1
280,6.0,290.92,58.21,27.40,15.36,1,1,1
280,1.0,184.73,185.21,17.00,23.28,1,1,1
281,6.0,292.69,58.38,26.26,13.67,1,1,1
281,1.0,186.42,184.78,17.67,22.94,1,1,1
282,6.0,293.04,58.07,27.10,13.96,1,1,1
282,1.0,186.61,184.75,17.53,22.65,1,1,1
283,6.0,293.30,57.78,27.96,14.24,1,1,1
283,1.0,187.89,182.83,18.41,23.84,1,1,1
284,6.0,293.80,57.45,27.65,14.57,1,1,1
284,3.0,233.28,129.61,15.79,9.71,1,1,1
284,1.0,188.30,182.91,17.92,23.07,1,1,1
285,6.0,295.66,56.00,26.91,13.29,1,1,1
285,3.0,235.57,128.88,14.72,9.52,1,1,1
285,1.0,189.94,181.91,17.51,23.82,1,1,1
286,6.0,296.92,56.00,26.58,13.47,1,1,1
286,3.0,235.92,129.02,15.14,9.68,1,1,1
286,1.0,190.24,181.80,17.24,24.26,1,1,1
287,6.0,297.54,55.99,26.79,12.51,1,1,1
287,3.0,235.90,128.98,15.74,9.81,1,1,1
287,1.0,190.94,180.31,17.34,24.00,1,1,1
288,6.0,298.00,55.98,27.05,12.40,1,1,1
288,1.0,191.44,179.71,17.78,24.17,1,1,1
289,6.0,298.20,55.88,26.75,12.23,1,1,1
289,1.0,191.55,179.18,17.90,23.73,1,1,1
290,6.0,298.41,55.64,27.67,9.12,1,1,1
290,1.0,191.91,178.93,17.97,24.03,1,1,1
291,6.0,299.39,55.44,26.86,10.55,1,1,1
291,1.0,193.92,177.73,17.45,24.75,1,1,1
292,6.0,299.59,55.44,27.75,10.85,1,1,1
292,1.0,193.89,177.63,17.71,24.22,1,1,1
293,6.0,299.74,55.31,27.72,10.80,1,1,1
293,1.0,193.86,178.04,17.86,23.15,1,1,1
294,6.0,299.88,55.16,27.84,10.92,1,1,1
294,1.0,194.02,178.19,17.35,22.72,1,1,1
295,6.0,300.29,54.99,27.69,10.89,1,1,1
295,1.0,194.39,177.74,17.23,22.72,1,1,1
296,6.0,300.93,54.88,28.04,10.80,1,1,1
296,1.0,194.85,177.26,17.04,23.03,1,1,1
297,6.0,301.42,54.75,28.09,10.92,1,1,1
297,1.0,195.06,176.83,16.38,22.32,1,1,1
298,6.0,302.30,54.78,27.51,10.87,1,1,1
298,1.0,195.59,176.38,15.89,22.85,1,1,1
299,6.0,302.49,54.76,27.57,11.12,1,1,1
299,1.0,195.50,176.30,14.75,22.22,1,1,1
300,6.0,302.80,54.78,27.49,11.22,1,1,1
300,1.0,195.24,175.93,13.53,22.21,1,1,1
301,6.0,303.20,54.83,27.99,10.64,1,1,1
301,1.0,196.67,175.44,17.50,22.40,1,1,1
302,6.0,303.45,54.80,27.84,10.59,1,1,1
302,1.0,196.78,175.39,17.41,22.00,1,1,1
303,6.0,304.33,54.56,27.24,10.83,1,1,1
303,1.0,197.02,174.12,17.27,22.27,1,1,1
304,6.0,304.68,54.40,28.14,11.11,1,1,1
304,1.0,197.63,173.50,17.45,21.85,1,1,1
305,6.0,305.06,54.24,28.19,11.51,1,1,1
305,1.0,197.94,173.02,17.02,22.33,1,1,1
306,6.0,304.98,53.95,28.58,11.99,1,1,1
306,1.0,197.64,171.94,17.10,22.56,1,1,1
307,6.0,304.68,53.69,29.09,12.54,1,1,1
307,1.0,197.67,170.61,16.67,23.43,1,1,1
308,6.0,304.73,53.59,29.12,12.67,1,1,1
308,1.0,197.90,170.79,17.08,23.31,1,1,1
309,6.0,304.14,53.57,29.05,12.73,1,1,1
309,1.0,197.75,170.80,17.46,23.25,1,1,1
310,6.0,304.06,53.53,29.15,12.80,1,1,1
310,3.0,244.12,120.00,15.76,12.77,1,1,1
310,1.0,197.82,170.93,17.07,23.09,1,1,1
311,6.0,304.31,53.50,28.73,12.73,1,1,1
311,3.0,243.87,119.99,14.82,11.51,1,1,1
311,1.0,196.39,170.62,18.00,23.27,1,1,1
312,6.0,304.18,53.52,28.78,12.59,1,1,1
312,3.0,243.76,119.98,15.75,11.11,1,1,1
312,1.0,195.96,170.56,18.68,23.33,1,1,1
313,6.0,304.11,53.53,28.68,12.54,1,1,1
313,3.0,243.76,119.99,15.73,11.97,1,1,1
313,1.0,195.24,170.98,19.07,22.70,1,1,1
314,6.0,304.12,53.59,28.34,12.25,1,1,1
314,3.0,242.87,119.98,15.74,12.34,1,1,1
314,1.0,194.62,171.00,18.94,22.65,1,1,1
315,6.0,303.12,53.60,28.87,12.43,1,1,1
315,3.0,242.30,119.97,15.60,12.16,1,1,1
315,1.0,194.01,170.96,18.41,22.66,1,1,1
316,6.0,302.40,53.57,28.83,12.10,1,1,1
316,3.0,241.68,119.99,16.55,11.70,1,1,1
316,1.0,193.75,171.00,17.79,22.47,1,1,1
317,6.0,302.01,53.59,28.00,12.03,1,1,1
317,3.0,240.63,119.99,16.32,12.19,1,1,1
317,1.0,192.52,170.72,18.66,23.11,1,1,1
318,6.0,300.61,53.50,28.43,11.72,1,1,1
318,3.0,240.24,120.00,16.51,12.62,1,1,1
318,1.0,191.63,170.71,18.07,23.10,1,1,1
319,6.0,299.76,53.54,28.23,12.81,1,1,1
319,3.0,239.06,120.00,16.04,13.84,1,1,1
319,1.0,190.57,170.78,18.60,22.77,1,1,1
320,6.0,297.77,53.54,29.94,12.68,1,1,1
320,3.0,238.00,120.00,15.85,13.64,1,1,1
320,1.0,190.04,171.35,18.56,23.30,1,1,1
321,6.0,297.49,53.44,28.70,12.87,1,1,1
321,3.0,238.03,120.00,14.86,13.59,1,1,1
321,1.0,189.66,174.11,17.71,19.65,1,1,1
322,6.0,297.19,53.46,28.32,12.59,1,1,1
322,3.0,236.80,120.00,16.02,13.43,1,1,1
322,1.0,188.63,173.80,18.57,19.68,1,1,1
323,6.0,297.05,53.52,27.97,11.78,1,1,1
323,3.0,236.46,120.00,15.86,13.28,1,1,1
323,1.0,188.05,173.72,19.21,19.67,1,1,1
324,6.0,295.77,53.46,28.60,11.26,1,1,1
324,3.0,235.34,120.00,15.88,13.58,1,1,1
324,1.0,187.56,173.74,18.35,19.74,1,1,1
325,6.0,294.75,53.49,28.34,11.27,1,1,1
325,3.0,234.49,120.00,15.38,13.12,1,1,1
325,1.0,186.46,173.37,18.58,20.43,1,1,1
326,6.0,293.43,53.52,28.24,10.58,1,1,1
326,3.0,233.82,120.00,15.04,13.58,1,1,1
326,1.0,185.95,173.94,18.04,20.56,1,1,1
327,6.0,292.91,53.49,27.96,10.55,1,1,1
327,3.0,231.67,122.26,15.67,13.76,1,1,1
327,1.0,185.12,173.57,18.69,21.77,1,1,1
328,6.0,292.05,53.66,28.62,11.08,1,1,1
328,3.0,231.15,122.23,15.31,13.79,1,1,1
328,1.0,183.19,173.21,19.65,22.22,1,1,1
329,6.0,290.24,53.59,29.69,11.52,1,1,1
329,3.0,230.14,120.00,15.90,14.10,1,1,1
329,1.0,182.87,173.69,18.87,22.08,1,1,1
330,6.0,289.63,53.65,29.91,11.66,1,1,1
330,3.0,229.56,122.40,15.90,13.61,1,1,1
330,1.0,182.46,174.00,19.56,21.72,1,1,1
331,6.0,289.16,53.73,28.02,11.40,1,1,1
331,3.0,228.23,120.00,17.02,11.74,1,1,1
331,1.0,181.85,173.31,19.72,22.36,1,1,1
332,6.0,287.68,53.60,28.33,10.99,1,1,1
332,3.0,227.48,120.00,16.92,11.98,1,1,1
332,1.0,182.71,175.73,19.25,20.45,1,1,1
333,6.0,286.71,53.70,27.78,10.85,1,1,1
333,3.0,227.01,120.00,16.33,12.09,1,1,1
333,1.0,181.87,176.17,18.43,21.03,1,1,1
334,6.0,285.67,53.68,27.61,11.15,1,1,1
334,3.0,225.82,120.00,16.25,12.03,1,1,1
334,1.0,181.21,176.16,17.39,20.99,1,1,1
335,6.0,284.82,53.66,27.38,11.21,1,1,1
335,3.0,225.51,120.00,16.01,11.64,1,1,1
335,1.0,180.22,176.49,17.94,21.05,1,1,1
336,6.0,284.07,53.71,27.77,11.37,1,1,1
336,3.0,225.30,120.00,15.95,11.67,1,1,1
336,1.0,180.23,176.74,17.94,21.23,1,1,1
337,6.0,283.39,53.80,28.28,11.61,1,1,1
337,3.0,224.65,120.00,17.07,12.03,1,1,1
337,1.0,179.58,177.05,17.82,20.98,1,1,1
338,6.0,282.90,53.88,28.25,11.58,1,1,1
338,3.0,223.85,120.00,17.99,12.22,1,1,1
338,1.0,178.65,177.16,18.65,20.28,1,1,1
339,6.0,282.04,54.22,28.13,10.54,1,1,1
339,1.0,178.67,177.14,17.64,21.26,1,1,1
340,6.0,281.64,54.58,27.37,10.33,1,1,1
340,1.0,178.73,177.55,16.62,20.77,1,1,1
341,6.0,280.92,54.84,27.42,10.17,1,1,1
341,1.0,176.76,177.40,18.59,22.83,1,1,1
342,6.0,280.91,54.86,27.46,10.12,1,1,1
342,1.0,176.54,177.45,18.83,22.75,1,1,1
343,6.0,280.33,55.05,27.25,9.61,1,1,1
343,1.0,176.48,177.84,18.89,22.63,1,1,1
344,6.0,279.86,55.20,27.28,9.57,1,1,1
344,1.0,176.47,178.06,18.69,22.25,1,1,1
345,6.0,279.44,55.26,27.12,9.21,1,1,1
345,1.0,176.76,178.22,17.27,22.15,1,1,1
346,9.0,221.24,126.15,16.76,11.92,1,1,1
346,6.0,279.36,55.40,26.61,9.24,1,1,1
346,1.0,176.66,178.79,17.47,22.19,1,1,1
347,9.0,220.43,126.43,16.06,11.55,1,1,1
347,6.0,278.72,55.70,27.67,9.19,1,1,1
347,1.0,176.70,179.00,15.85,22.06,1,1,1
348,9.0,220.22,126.46,16.04,11.36,1,1,1
348,6.0,277.33,55.89,28.41,8.81,1,1,1
348,1.0,175.72,179.29,16.84,23.25,1,1,1
349,9.0,220.24,126.57,16.04,11.28,1,1,1
349,6.0,276.41,55.91,27.82,9.01,1,1,1
349,1.0,175.73,179.56,16.70,23.30,1,1,1
350,9.0,219.31,126.73,15.77,11.26,1,1,1
350,6.0,276.36,55.96,27.35,9.06,1,1,1
350,1.0,175.65,179.51,16.75,23.40,1,1,1
351,9.0,219.20,127.35,15.82,10.16,1,1,1
351,6.0,275.45,55.88,27.88,9.91,1,1,1
351,1.0,175.22,180.76,17.21,22.26,1,1,1
352,9.0,219.20,127.39,15.85,10.11,1,1,1
352,6.0,275.43,55.90,26.95,10.39,1,1,1
352,1.0,175.21,180.65,17.13,22.54,1,1,1
353,9.0,218.55,128.04,16.28,9.74,1,1,1
353,6.0,274.55,55.99,27.20,10.22,1,1,1
353,1.0,175.27,181.41,16.82,22.14,1,1,1
354,9.0,218.66,128.74,16.36,10.64,1,1,1
354,6.0,274.40,55.99,26.89,10.25,1,1,1
354,1.0,175.23,182.31,17.01,22.55,1,1,1
355,9.0,217.84,128.93,16.97,10.56,1,1,1
355,6.0,273.77,55.98,26.28,10.74,1,1,1
355,1.0,174.92,182.05,17.09,22.45,1,1,1
356,9.0,217.35,128.95,17.45,11.03,1,1,1
356,6.0,273.22,55.98,26.70,11.02,1,1,1
356,1.0,174.77,182.59,16.71,21.78,1,1,1
357,9.0,217.32,129.10,16.81,10.86,1,1,1
357,6.0,272.57,56.00,26.37,11.09,1,1,1
357,1.0,174.61,182.60,16.54,21.67,1,1,1
358,9.0,217.25,129.21,16.14,10.59,1,1,1
358,6.0,271.60,56.00,27.42,11.16,1,1,1
358,1.0,174.49,182.70,16.57,21.58,1,1,1
359,9.0,217.19,129.30,15.96,10.24,1,1,1
359,6.0,271.57,56.00,27.21,11.50,1,1,1
359,1.0,174.57,183.03,16.77,21.56,1,1,1
360,9.0,216.97,129.45,16.02,10.02,1,1,1
360,6.0,270.87,56.00,27.73,11.94,1,1,1
360,1.0,174.63,183.09,16.71,21.69,1,1,1
361,9.0,216.86,129.82,16.92,8.65,1,1,1
361,1.0,173.61,184.70,18.21,20.68,1,1,1
362,9.0,216.70,130.26,15.84,8.31,1,1,1
362,3.0,270.03,58.38,28.10,14.09,1,1,1
362,1.0,173.62,185.03,18.21,20.53,1,1,1
363,9.0,216.75,130.57,15.66,7.85,1,1,1
363,3.0,270.36,58.87,27.35,13.27,1,1,1
363,1.0,173.37,185.56,18.39,20.32,1,1,1
364,9.0,216.76,130.78,15.53,8.25,1,1,1
364,3.0,269.94,58.80,27.35,13.28,1,1,1
364,1.0,173.34,185.58,18.44,20.70,1,1,1
365,9.0,216.77,130.73,15.51,8.21,1,1,1
365,3.0,269.68,58.81,27.58,13.27,1,1,1
365,1.0,173.30,185.58,18.54,21.16,1,1,1
366,9.0,216.58,130.68,15.68,8.04,1,1,1
366,3.0,269.76,58.85,27.83,13.24,1,1,1
366,1.0,173.47,185.08,18.42,21.19,1,1,1
367,9.0,216.50,130.47,15.81,7.93,1,1,1
367,3.0,269.71,58.62,27.88,13.52,1,1,1
367,1.0,173.62,184.81,18.35,20.74,1,1,1
368,9.0,215.91,130.54,15.91,8.23,1,1,1
368,3.0,269.70,58.65,27.93,13.49,1,1,1
368,1.0,173.55,184.86,18.49,21.52,1,1,1
369,9.0,216.58,130.40,16.05,8.35,1,1,1
369,3.0,269.72,58.65,27.93,13.48,1,1,1
369,1.0,173.62,184.86,18.39,21.43,1,1,1
370,9.0,216.98,130.54,16.18,8.05,1,1,1
370,3.0,269.85,58.64,27.74,13.44,1,1,1
370,1.0,174.60,184.97,18.08,21.19,1,1,1
371,9.0,218.44,130.52,15.01,8.27,1,1,1
371,3.0,270.32,58.94,27.34,13.13,1,1,1
371,1.0,175.83,185.10,17.04,20.98,1,1,1
372,9.0,218.44,130.41,15.59,8.32,1,1,1
372,3.0,270.62,58.93,27.22,13.19,1,1,1
372,1.0,175.75,185.11,17.17,20.47,1,1,1
373,9.0,218.90,130.35,15.82,8.08,1,1,1
373,3.0,270.99,58.94,27.36,13.16,1,1,1
373,1.0,176.55,184.58,17.16,20.61,1,1,1
374,9.0,219.75,130.10,15.31,9.05,1,1,1
374,3.0,271.17,58.78,27.70,13.34,1,1,1
374,1.0,176.58,184.34,17.23,20.72,1,1,1
375,9.0,219.74,130.16,15.79,8.98,1,1,1
375,3.0,271.66,58.62,27.64,13.48,1,1,1
375,1.0,177.09,184.39,18.20,19.88,1,1,1
376,9.0,219.62,130.21,16.34,9.11,1,1,1
376,3.0,271.92,58.51,27.84,13.60,1,1,1
376,1.0,177.85,182.91,18.65,20.62,1,1,1
377,9.0,221.34,128.95,15.88,8.76,1,1,1
377,3.0,272.28,58.16,28.08,14.10,1,1,1
377,1.0,178.48,182.42,18.07,20.87,1,1,1
378,9.0,221.21,128.92,17.49,8.77,1,1,1
378,3.0,272.88,57.36,27.46,14.71,1,1,1
378,1.0,178.83,181.81,18.17,21.63,1,1,1
379,9.0,222.02,128.57,17.66,9.12,1,1,1
379,6.0,273.51,56.00,27.07,11.29,1,1,1
379,3.0,273.39,57.33,27.52,14.80,1,1,1
379,1.0,180.28,181.65,17.46,20.91,1,1,1
380,9.0,222.21,128.62,18.45,9.30,1,1,1
380,6.0,274.07,55.99,26.99,11.48,1,1,1
380,3.0,273.89,57.22,27.52,14.95,1,1,1
380,1.0,180.61,181.49,17.42,19.91,1,1,1
381,9.0,223.45,128.75,17.86,9.40,1,1,1
381,6.0,275.04,56.00,27.87,11.68,1,1,1
381,3.0,274.73,57.31,28.61,14.85,1,1,1
381,1.0,181.59,181.57,23.38,19.59,1,1,1
382,9.0,224.01,128.51,17.76,9.84,1,1,1
382,6.0,275.74,56.00,28.26,11.76,1,1,1
382,3.0,275.39,57.16,29.09,15.03,1,1,1
382,1.0,182.00,181.20,23.07,19.53,1,1,1
383,9.0,226.07,128.44,15.84,8.97,1,1,1
383,6.0,276.25,56.00,28.35,11.67,1,1,1
383,3.0,275.77,57.14,29.34,15.04,1,1,1
383,1.0,182.64,181.07,24.02,19.75,1,1,1
384,9.0,226.01,128.22,15.93,9.07,1,1,1
384,6.0,276.40,56.00,29.07,11.16,1,1,1
384,3.0,275.76,57.15,30.31,15.47,1,1,1
384,1.0,183.03,180.85,22.27,19.85,1,1,1
385,9.0,226.05,128.32,16.51,9.13,1,1,1
385,6.0,276.72,56.00,29.24,11.36,1,1,1
385,3.0,276.14,57.13,30.33,15.34,1,1,1
385,1.0,183.22,180.38,23.07,20.43,1,1,1
386,9.0,226.51,128.09,16.23,9.16,1,1,1
386,6.0,276.68,56.00,29.28,11.37,1,1,1
386,3.0,276.08,57.14,30.38,15.38,1,1,1
386,1.0,183.68,180.39,23.38,20.58,1,1,1
387,9.0,226.58,127.99,16.67,8.30,1,1,1
387,6.0,276.67,56.00,29.27,11.39,1,1,1
387,3.0,276.07,57.16,30.38,15.33,1,1,1
387,1.0,184.55,180.47,22.40,20.59,1,1,1
388,9.0,227.69,127.89,15.92,8.63,1,1,1
388,6.0,276.99,56.00,28.83,11.38,1,1,1
388,3.0,276.39,57.18,30.11,15.48,1,1,1
388,1.0,185.37,180.42,21.60,20.60,1,1,1
389,6.0,278.18,56.00,27.62,11.73,1,1,1
389,3.0,277.78,57.60,28.38,14.58,1,1,1
389,1.0,185.63,180.31,21.68,21.28,1,1,1
390,6.0,278.20,56.00,27.11,11.80,1,1,1
390,3.0,277.82,58.06,27.91,14.09,1,1,1
390,1.0,186.40,180.55,21.26,21.09,1,1,1
391,6.0,278.06,56.00,27.65,12.51,1,1,1
391,3.0,277.70,58.34,28.31,13.77,1,1,1
391,1.0,186.56,181.15,21.93,21.56,1,1,1
392,6.0,278.40,56.00,27.38,12.13,1,1,1
392,3.0,277.96,58.21,28.23,14.25,1,1,1
392,1.0,186.62,180.96,19.45,20.86,1,1,1
393,6.0,278.41,56.00,27.15,13.00,1,1,1
393,3.0,278.03,58.44,27.95,14.16,1,1,1
393,1.0,186.75,180.89,19.29,20.90,1,1,1
394,3.0,277.82,58.46,27.63,14.02,1,1,1
394,1.0,186.64,181.29,19.64,20.59,1,1,1
395,3.0,276.60,58.74,28.16,13.60,1,1,1
395,1.0,186.51,181.71,19.46,19.79,1,1,1
396,3.0,275.54,58.76,28.19,13.97,1,1,1
396,1.0,186.96,181.66,19.08,20.83,1,1,1
397,3.0,275.17,58.69,28.36,13.50,1,1,1
397,1.0,186.50,181.76,19.58,21.01,1,1,1
398,3.0,273.88,58.91,28.13,13.32,1,1,1
398,1.0,186.60,182.08,19.48,20.75,1,1,1
399,3.0,272.70,58.94,27.76,13.22,1,1,1
399,1.0,185.18,182.08,19.84,20.83,1,1,1
400,3.0,272.02,58.91,27.47,13.24,1,1,1
400,1.0,184.96,182.51,19.26,20.62,1,1,1
401,3.0,270.52,58.69,27.94,14.97,1,1,1
401,1.0,184.95,182.34,18.70,20.64,1,1,1
402,3.0,269.87,58.74,27.72,13.35,1,1,1
402,1.0,184.68,182.24,18.81,21.22,1,1,1
403,3.0,269.02,58.60,28.19,13.58,1,1,1
403,1.0,184.14,182.32,18.80,21.35,1,1,1
404,3.0,268.54,58.53,27.46,13.74,1,1,1
404,1.0,183.87,182.82,19.18,20.95,1,1,1
405,3.0,268.01,58.76,27.70,13.38,1,1,1
405,1.0,184.20,183.00,18.87,20.86,1,1,1
406,9.0,222.42,131.43,17.52,8.98,1,1,1
406,3.0,267.48,58.90,27.56,13.20,1,1,1
406,1.0,183.86,183.31,19.21,21.71,1,1,1
407,9.0,222.56,132.34,16.18,8.40,1,1,1
407,3.0,267.29,59.27,26.92,12.92,1,1,1
407,1.0,183.96,183.93,17.85,21.85,1,1,1
408,9.0,222.58,132.36,16.50,8.65,1,1,1
408,3.0,267.40,59.45,26.27,12.61,1,1,1
408,1.0,183.98,184.11,17.90,21.61,1,1,1
409,9.0,222.55,132.52,15.84,8.47,1,1,1
409,3.0,264.28,59.79,27.88,12.26,1,1,1
409,1.0,183.55,184.77,18.31,21.75,1,1,1
410,9.0,221.65,132.60,16.38,8.77,1,1,1
410,3.0,264.16,59.72,27.90,12.32,1,1,1
410,1.0,183.18,185.06,18.62,21.67,1,1,1
411,9.0,221.66,132.42,16.39,13.44,1,1,1
411,3.0,262.45,60.08,29.36,12.18,1,1,1
411,1.0,181.74,185.38,18.46,21.50,1,1,1
412,9.0,220.58,132.82,18.12,13.72,1,1,1
412,3.0,262.20,60.24,27.20,12.33,1,1,1
412,1.0,181.10,186.43,19.10,21.02,1,1,1
413,9.0,220.08,133.74,16.42,13.27,1,1,1
413,3.0,260.27,60.95,29.37,13.20,1,1,1
413,1.0,180.87,186.99,19.06,21.02,1,1,1
414,9.0,219.59,133.69,16.59,13.68,1,1,1
414,3.0,260.16,61.06,28.70,12.89,1,1,1
414,1.0,180.49,187.05,19.40,21.39,1,1,1
415,9.0,219.63,133.65,16.50,14.23,1,1,1
415,3.0,260.00,61.10,28.75,12.90,1,1,1
415,1.0,180.49,187.04,19.40,21.37,1,1,1
416,9.0,219.64,133.63,16.46,14.44,1,1,1
416,3.0,260.06,61.13,28.62,12.67,1,1,1
416,1.0,180.51,187.04,19.39,21.37,1,1,1
417,9.0,219.39,133.59,16.69,14.28,1,1,1
417,3.0,258.98,61.11,28.08,12.93,1,1,1
417,1.0,180.46,187.09,19.48,21.54,1,1,1
418,9.0,218.78,134.05,17.52,13.73,1,1,1
418,3.0,258.61,61.29,27.39,12.24,1,1,1
418,1.0,179.80,188.24,20.36,20.78,1,1,1
419,9.0,218.79,135.96,17.08,12.19,1,1,1
419,3.0,258.29,61.54,26.97,12.22,1,1,1
419,1.0,179.87,188.25,20.28,20.59,1,1,1
420,9.0,218.65,135.96,15.33,12.18,1,1,1
420,3.0,258.29,61.51,26.97,12.22,1,1,1
420,1.0,179.87,188.25,20.27,20.56,1,1,1
421,9.0,218.51,134.87,16.77,12.00,1,1,1
421,3.0,257.81,61.58,27.65,11.76,1,1,1
421,1.0,181.66,187.99,19.22,21.70,1,1,1
422,9.0,218.57,134.57,16.46,13.17,1,1,1
422,3.0,257.74,61.09,28.20,12.68,1,1,1
422,1.0,181.81,187.68,18.75,20.57,1,1,1
423,9.0,218.78,134.63,16.25,12.72,1,1,1
423,3.0,258.07,61.14,27.83,12.59,1,1,1
423,1.0,181.65,187.61,18.92,20.75,1,1,1
424,9.0,219.06,135.04,16.34,12.06,1,1,1
424,3.0,257.59,61.48,27.54,11.98,1,1,1
424,1.0,182.00,187.85,18.64,21.09,1,1,1
425,9.0,218.92,135.94,16.08,10.31,1,1,1
425,3.0,257.25,62.19,27.53,10.73,1,1,1
425,1.0,181.76,188.84,19.66,20.96,1,1,1
426,9.0,219.24,135.86,16.53,13.91,1,1,1
426,3.0,256.79,62.63,28.19,10.93,1,1,1
426,1.0,181.67,189.09,20.21,21.04,1,1,1
427,9.0,219.15,135.98,16.32,12.88,1,1,1
427,3.0,257.02,62.90,27.49,11.47,1,1,1
427,1.0,182.31,189.88,19.48,20.75,1,1,1
428,9.0,220.03,135.98,16.09,14.65,1,1,1
428,3.0,257.74,63.08,27.10,12.02,1,1,1
428,1.0,183.39,189.44,20.59,21.06,1,1,1
429,9.0,220.74,135.99,15.78,13.78,1,1,1
429,3.0,258.54,63.29,27.93,12.36,1,1,1
429,1.0,183.79,189.38,20.75,20.29,1,1,1
430,9.0,221.32,135.99,16.53,14.97,1,1,1
430,3.0,259.15,63.36,27.72,11.79,1,1,1
430,1.0,185.30,189.25,20.05,20.29,1,1,1
431,9.0,221.91,136.00,16.93,10.19,1,1,1
431,3.0,259.74,63.50,28.21,12.12,1,1,1
431,1.0,186.55,189.19,18.47,20.87,1,1,1
432,9.0,222.37,136.00,16.29,10.39,1,1,1
432,3.0,260.32,63.92,28.42,12.25,1,1,1
432,1.0,187.47,189.42,18.30,20.86,1,1,1
433,9.0,223.59,137.79,16.50,9.31,1,1,1
433,3.0,261.03,64.42,28.26,11.93,1,1,1
433,1.0,188.11,189.47,18.20,21.06,1,1,1
434,9.0,223.81,138.00,16.35,9.42,1,1,1
434,3.0,262.00,64.36,28.14,12.04,1,1,1
434,1.0,188.32,189.24,18.68,21.25,1,1,1
435,9.0,224.87,137.74,15.25,9.64,1,1,1
435,3.0,262.03,64.28,28.39,12.31,1,1,1
435,1.0,189.08,188.84,18.07,20.97,1,1,1
436,9.0,225.44,137.71,14.97,9.60,1,1,1
436,3.0,262.06,64.25,28.35,12.45,1,1,1
436,1.0,189.41,188.90,17.86,20.86,1,1,1
437,9.0,225.44,137.70,14.90,9.63,1,1,1
437,3.0,262.76,64.28,28.18,12.55,1,1,1
437,1.0,189.37,188.77,19.21,20.89,1,1,1
438,9.0,227.22,137.37,14.17,10.83,1,1,1
438,3.0,262.69,64.31,28.27,12.16,1,1,1
438,1.0,189.07,188.49,20.46,20.52,1,1,1
439,9.0,227.49,136.95,14.93,9.53,1,1,1
439,3.0,263.83,64.07,28.69,12.34,1,1,1
439,1.0,190.13,187.98,20.07,20.53,1,1,1
440,9.0,227.45,136.82,15.26,11.65,1,1,1
440,3.0,264.46,64.15,28.49,12.43,1,1,1
440,1.0,189.98,187.71,20.10,20.95,1,1,1
441,9.0,228.07,137.00,18.03,9.89,1,1,1
441,3.0,265.62,64.27,28.16,12.36,1,1,1
441,1.0,190.72,187.12,20.00,21.20,1,1,1
442,9.0,228.75,136.99,18.55,8.98,1,1,1
442,3.0,267.12,64.40,27.58,12.34,1,1,1
442,1.0,190.85,187.15,20.62,21.43,1,1,1
443,9.0,229.01,136.98,18.75,10.53,1,1,1
443,3.0,267.57,64.47,27.72,12.49,1,1,1
443,1.0,190.59,187.19,21.08,21.79,1,1,1
444,9.0,229.34,137.22,17.70,13.05,1,1,1
444,3.0,267.34,64.57,27.94,12.73,1,1,1
444,1.0,191.21,187.22,20.53,21.84,1,1,1
445,9.0,228.89,137.27,17.81,12.87,1,1,1
445,3.0,267.09,64.83,27.91,12.32,1,1,1
445,1.0,191.63,187.59,20.55,21.54,1,1,1
446,9.0,229.06,137.81,16.54,12.91,1,1,1
446,3.0,266.68,65.36,27.41,13.02,1,1,1
446,1.0,191.65,187.77,20.56,21.88,1,1,1
447,9.0,229.43,138.02,16.73,13.23,1,1,1
447,3.0,266.62,65.75,27.59,13.11,1,1,1
447,1.0,191.70,188.23,20.52,21.73,1,1,1
448,9.0,229.39,138.06,16.75,13.13,1,1,1
448,3.0,266.72,65.75,27.82,13.11,1,1,1
448,1.0,192.13,188.23,20.11,22.88,1,1,1
449,9.0,229.78,138.05,16.33,13.97,1,1,1
449,3.0,267.30,65.73,28.24,13.32,1,1,1
449,1.0,192.35,187.33,20.49,23.74,1,1,1
450,9.0,229.90,138.06,16.37,13.70,1,1,1
450,3.0,268.08,65.84,27.75,13.68,1,1,1
450,1.0,192.33,187.27,20.26,22.62,1,1,1
451,9.0,230.51,138.02,16.65,14.07,1,1,1
451,3.0,268.20,66.04,27.76,13.39,1,1,1
451,1.0,194.00,187.53,19.38,21.72,1,1,1
452,9.0,230.14,138.63,15.54,12.14,1,1,1
452,3.0,267.98,66.63,27.10,13.46,1,1,1
452,1.0,194.23,188.47,19.18,21.73,1,1,1
453,9.0,229.48,138.96,15.31,11.62,1,1,1
453,3.0,267.39,66.99,26.69,13.15,1,1,1
453,1.0,193.72,188.78,20.01,21.78,1,1,1
454,9.0,228.80,138.94,15.33,11.74,1,1,1
454,3.0,266.64,66.96,27.09,13.02,1,1,1
454,1.0,192.92,188.68,19.97,21.68,1,1,1
455,9.0,228.24,138.45,15.12,11.61,1,1,1
455,3.0,265.38,66.80,27.47,13.03,1,1,1
455,1.0,192.37,188.34,20.90,22.04,1,1,1
456,9.0,227.74,138.57,15.65,11.25,1,1,1
456,3.0,264.94,66.70,27.42,13.01,1,1,1
456,1.0,191.72,188.41,20.79,22.29,1,1,1
457,9.0,227.44,138.66,15.98,11.13,1,1,1
457,3.0,263.33,66.85,27.92,13.25,1,1,1
457,1.0,191.18,188.41,21.21,21.92,1,1,1
458,9.0,226.90,139.23,16.05,9.32,1,1,1
458,3.0,262.81,67.19,27.49,12.79,1,1,1
458,1.0,191.34,188.46,21.02,21.36,1,1,1
459,9.0,225.94,139.74,15.88,8.76,1,1,1
459,3.0,262.53,67.48,27.28,12.66,1,1,1
459,1.0,189.57,189.14,21.47,22.19,1,1,1
460,9.0,225.40,140.45,15.66,8.62,1,1,1
460,3.0,261.40,67.76,27.33,12.94,1,1,1
460,1.0,189.45,189.61,20.20,21.88,1,1,1
