1,143.44924926757812,238.80221557617188,159.03237915039062,259.79901123046875,0.7536531686782837
1,199.21090698242188,167.92898559570312,232.9278564453125,237.78656005859375,0.6604291200637817
1,200.39866638183594,167.6529541015625,232.39366149902344,180.6103515625,0.3041478097438812
1,200.724365234375,169.60745239257812,230.353271484375,187.81497192382812,0.036175720393657684
1,308.3746337890625,87.1224365234375,335.893310546875,100.70944213867188,0.033322397619485855
2,198.20379638671875,166.87655639648438,232.719482421875,245.8197021484375,0.7449918389320374
2,143.88418579101562,238.1102294921875,159.51760864257812,259.0769348144531,0.7207143306732178
2,199.73068237304688,166.76373291015625,232.15231323242188,194.8873291015625,0.3427997827529907
2,309.9881591796875,85.92086791992188,336.79833984375,98.80584716796875,0.14702270925045013
3,145.33624267578125,236.55905151367188,160.146484375,257.210205078125,0.6969749927520752
3,198.70565795898438,166.27734375,233.55844116210938,244.9207763671875,0.5806680917739868
3,200.0877227783203,165.98403930664062,232.69932556152344,190.22164916992188,0.503372848033905
3,309.8741455078125,84.42603302001953,336.69927978515625,97.67620086669922,0.03899239003658295
3,200.04779052734375,166.06781005859375,233.24346923828125,215.2947998046875,0.03467932716012001
4,145.5924530029297,236.47296142578125,160.2543182373047,257.1938171386719,0.7070784568786621
4,198.32754516601562,166.12286376953125,233.24038696289062,244.338134765625,0.6819517612457275
4,199.8691864013672,165.8487548828125,232.59242248535156,210.76687622070312,0.5135473608970642
4,309.084228515625,83.98908996582031,336.643310546875,97.71949768066406,0.034663353115320206
4,198.86776733398438,165.40435791015625,232.94998168945312,194.5965576171875,0.013305527158081532
5,146.66432189941406,236.12185668945312,161.11927795410156,257.032470703125,0.5762959718704224
5,199.90829467773438,165.774169921875,233.57540893554688,243.9857177734375,0.5697800517082214
5,201.2104034423828,165.42715454101562,232.7288360595703,191.81961059570312,0.4051990807056427
5,200.99473571777344,165.47988891601562,233.10585021972656,221.14999389648438,0.07836545258760452
5,309.4479064941406,83.26591491699219,336.0625915527344,96.79512023925781,0.012735351920127869
6,147.935546875,235.066650390625,162.81903076171875,256.5818176269531,0.6556083559989929
6,198.85610961914062,164.8482666015625,235.26962280273438,243.58071899414062,0.46022340655326843
6,200.85751342773438,164.3631591796875,234.2108154296875,188.7994384765625,0.30156567692756653
6,200.63436889648438,164.0792236328125,234.99838256835938,219.80209350585938,0.035617414861917496
6,309.28863525390625,82.8750991821289,335.83148193359375,96.65604400634766,0.016474463045597076
7,148.46847534179688,235.19692993164062,163.39041137695312,256.6884460449219,0.697946310043335
7,203.69723510742188,163.72247314453125,234.30087280273438,178.11526489257812,0.3347831070423126
7,203.20184326171875,163.46368408203125,234.9805908203125,194.4239501953125,0.25168299674987793
7,201.93341064453125,164.45156860351562,235.82965087890625,242.31790161132812,0.19982481002807617
7,309.38818359375,82.89445495605469,335.7813720703125,96.76393127441406,0.013139263726770878
8,149.64639282226562,235.24551391601562,163.40994262695312,256.3446960449219,0.7004321813583374
8,203.5142822265625,163.76675415039062,234.8045654296875,179.35513305664062,0.3145044445991516
8,201.62908935546875,164.46951293945312,236.10055541992188,241.69772338867188,0.28353452682495117
8,203.00735473632812,163.60606384277344,235.36178588867188,203.97166442871094,0.2495460957288742
9,150.31027221679688,235.6678466796875,163.85086059570312,256.51416015625,0.7318822145462036
9,203.80502319335938,163.73167419433594,234.61639404296875,179.41102600097656,0.40700533986091614
9,203.34152221679688,163.6004638671875,235.13955688476562,201.5865478515625,0.3158401548862457
9,202.0099334716797,164.39791870117188,235.9177703857422,241.82894897460938,0.2882081866264343
10,150.07244873046875,234.29928588867188,167.58798217773438,256.70928955078125,0.6231075525283813
10,201.6981201171875,164.13522338867188,236.75677490234375,241.508544921875,0.5103873610496521
10,203.41647338867188,163.60055541992188,235.51406860351562,186.16506958007812,0.4269815683364868
11,150.6560821533203,231.51004028320312,163.65977478027344,255.98580932617188,0.3564485013484955
11,151.0513916015625,230.78927612304688,169.095458984375,255.67660522460938,0.039259932935237885
11,309.31744384765625,80.78924560546875,336.43255615234375,95.16921997070312,0.03060326911509037
11,202.33180236816406,161.1656494140625,242.1163787841797,188.48199462890625,0.029669083654880524
11,203.10195922851562,161.87939453125,239.57064819335938,178.8294677734375,0.018684346228837967
12,150.81785583496094,231.0439453125,165.0675811767578,255.91046142578125,0.2790118455886841
12,308.8070983886719,80.07673645019531,336.3228454589844,94.21684265136719,0.11010348051786423
12,202.838623046875,160.75808715820312,241.93524169921875,185.78317260742188,0.03717033937573433
12,203.4552001953125,161.31356811523438,239.69879150390625,178.32046508789062,0.015960335731506348
13,308.9914855957031,79.61306762695312,336.3361511230469,93.49191284179688,0.13155126571655273
13,203.61013793945312,160.1689910888672,240.802734375,182.47691345214844,0.08474168926477432
13,151.18365478515625,230.64874267578125,169.26708984375,254.04254150390625,0.04575596749782562
14,309.4652099609375,78.5978775024414,336.294921875,92.44791412353516,0.1562325805425644
14,203.85247802734375,159.700927734375,242.4498291015625,186.088623046875,0.09568063169717789
14,150.94032287597656,230.5306396484375,165.99949645996094,253.49691772460938,0.07115663588047028
14,204.18084716796875,160.2028350830078,239.65963745117188,177.83180236816406,0.059849273413419724
15,309.77716064453125,77.4923095703125,336.39324951171875,91.99325561523438,0.13436929881572723
15,204.28768920898438,159.59616088867188,241.37164306640625,181.89443969726562,0.1313425898551941
16,203.74267578125,157.84091186523438,241.90338134765625,180.09359741210938,0.04692966118454933
16,309.150390625,76.42526245117188,336.7508544921875,90.95858764648438,0.03690953180193901
16,204.04754638671875,158.518798828125,237.1082763671875,175.7843017578125,0.02475508116185665
16,152.66085815429688,224.06263732910156,173.69821166992188,243.1569061279297,0.016657087951898575
17,203.815673828125,158.06869506835938,242.79107666015625,179.93661499023438,0.0748465433716774
17,204.06210327148438,158.64208984375,238.32662963867188,175.7896728515625,0.04919186234474182
17,309.08111572265625,75.8720703125,336.62158203125,90.143310546875,0.0231793150305748
18,153.46041870117188,227.34022521972656,169.72354125976562,251.30848693847656,0.2703501880168915
18,204.6310577392578,156.81228637695312,239.5576629638672,178.04830932617188,0.09350402653217316
18,308.11895751953125,75.23272705078125,335.913330078125,90.70846557617188,0.014770155772566795
19,153.240234375,228.56021118164062,168.35723876953125,251.39944458007812,0.2814925014972687
19,204.74972534179688,156.46759033203125,238.28067016601562,176.54925537109375,0.10812368988990784
19,306.9744873046875,73.94022369384766,336.7159423828125,90.6965560913086,0.014602188020944595
20,154.52487182617188,228.7685546875,169.04244995117188,251.3726806640625,0.3776535391807556
20,205.0115509033203,156.21224975585938,242.7688751220703,179.029296875,0.033612072467803955
20,205.39222717285156,156.22677612304688,238.81507873535156,173.81790161132812,0.01040381658822298
21,155.73255920410156,229.5552520751953,171.04832458496094,252.0290985107422,0.689134955406189
21,205.14743041992188,156.7912139892578,247.93365478515625,184.71031188964844,0.0235764067620039
22,155.73733520507812,229.67507934570312,171.29287719726562,252.77639770507812,0.7023108005523682
22,205.30795288085938,156.79586791992188,247.92843627929688,186.05325317382812,0.02446402981877327
23,153.99229431152344,228.41220092773438,171.04148864746094,242.58358764648438,0.01769091561436653
23,205.076171875,157.6033477783203,249.28585815429688,186.40821838378906,0.010962028056383133
24,154.94430541992188,228.89617919921875,172.51382446289062,243.83230590820312,0.2383929342031479
24,205.19918823242188,157.427001953125,247.55349731445312,186.51031494140625,0.02431447245180607
25,154.4927978515625,228.70074462890625,172.27313232421875,243.9544677734375,0.0588238462805748
25,205.51104736328125,157.07052612304688,246.01739501953125,183.53256225585938,0.02243802510201931
26,157.884033203125,229.52871704101562,173.1881103515625,252.81314086914062,0.7336866855621338
26,206.58084106445312,156.87379455566406,246.05026245117188,183.2712860107422,0.03856341540813446
27,157.830078125,229.72085571289062,172.70928955078125,252.82266235351562,0.7604992389678955
27,206.91094970703125,156.9298095703125,244.68896484375,180.289306640625,0.0344734750688076
28,158.1328125,229.74996948242188,173.7752685546875,252.79736328125,0.7450731992721558
28,206.94638061523438,156.87591552734375,242.76296997070312,179.35235595703125,0.05353700369596481
28,304.106689453125,70.21726989746094,331.8433837890625,84.10246276855469,0.013566156849265099
29,158.1669921875,229.624755859375,173.68045043945312,252.81149291992188,0.7420170307159424
29,206.87298583984375,156.95816040039062,243.6807861328125,180.41189575195312,0.07203219085931778
29,304.12310791015625,69.99940490722656,332.02947998046875,84.05868530273438,0.014689520001411438
30,206.92376708984375,156.25216674804688,241.44415283203125,179.15536499023438,0.12277648597955704
30,549.6419677734375,354.0305480957031,558.4593505859375,364.6708679199219,0.03431747108697891
30,158.3052978515625,227.4515380859375,174.16180419921875,242.34027099609375,0.03142867237329483
31,160.15260314941406,228.1537628173828,176.37229919433594,250.8614959716797,0.7693118453025818
31,548.1707763671875,354.6593933105469,558.0831298828125,364.2188415527344,0.062308963388204575
31,206.72842407226562,155.42156982421875,240.01290893554688,174.41046142578125,0.015630703419446945
31,854.8038330078125,536.499267578125,876.3687744140625,552.064697265625,0.010545182973146439
32,159.32330322265625,228.37704467773438,175.75250244140625,250.48577880859375,0.63065105676651
32,206.8751220703125,153.64035034179688,236.72262573242188,169.58499145507812,0.0661923736333847
32,207.73822021484375,150.62814331054688,236.9251708984375,166.11398315429688,0.05459479242563248
32,161.1493682861328,231.76576232910156,177.38917541503906,249.78492736816406,0.0472748801112175
33,159.978759765625,227.45156860351562,176.60211181640625,250.47216796875,0.6922314763069153
33,207.65237426757812,150.84933471679688,237.04550170898438,165.70846557617188,0.049359265714883804
33,206.71478271484375,153.263916015625,237.2469482421875,169.75698852539062,0.03258607164025307
34,160.53240966796875,226.18087768554688,177.0911865234375,248.0162353515625,0.5612688064575195
34,207.60409545898438,151.3174591064453,236.86569213867188,166.0204315185547,0.1208999902009964
35,160.8169708251953,226.07586669921875,177.78565979003906,248.03912353515625,0.6181275844573975
35,207.795654296875,150.8688507080078,236.8319091796875,165.26524353027344,0.2916736304759979
36,161.59579467773438,224.69451904296875,178.01901245117188,247.094970703125,0.60916668176651
36,208.17141723632812,150.7046356201172,236.61419677734375,164.7484588623047,0.2600785493850708
36,207.1561279296875,150.55630493164062,237.19155883789062,170.01065063476562,0.01929452084004879
37,162.22723388671875,224.6561279296875,178.31243896484375,246.89837646484375,0.6351550221443176
37,205.96243286132812,150.52549743652344,239.44729614257812,223.18482971191406,0.39980798959732056
37,207.871826171875,150.52145385742188,238.34356689453125,175.19802856445312,0.27935555577278137
37,207.99075317382812,150.51986694335938,237.72909545898438,164.39852905273438,0.1999695599079132
38,162.4154052734375,224.57867431640625,178.129638671875,246.75250244140625,0.6276699900627136
38,205.72354125976562,150.21743774414062,239.44976806640625,222.76107788085938,0.5032920241355896
38,207.35765075683594,150.01116943359375,238.0850372314453,195.92926025390625,0.4030100107192993
38,207.51951599121094,149.94363403320312,237.4661102294922,168.10195922851562,0.33039599657058716
39,163.07171630859375,223.65538024902344,179.145751953125,246.18785095214844,0.5104209184646606
39,207.08697509765625,150.17745971679688,240.322265625,222.58013916015625,0.3970171809196472
39,208.76840209960938,149.98355102539062,238.74560546875,186.04635620117188,0.3285267949104309
39,208.7752685546875,149.88003540039062,238.06216430664062,166.01187133789062,0.14837351441383362
40,163.7022705078125,224.40142822265625,179.2459716796875,246.865234375,0.7200943827629089
40,209.03765869140625,149.9468994140625,238.4866943359375,178.55352783203125,0.2964020073413849
40,207.30447387695312,150.1470947265625,240.22509765625,222.44442749023438,0.2906453013420105
40,209.04486083984375,149.84982299804688,237.83624267578125,164.74935913085938,0.13440662622451782
41,164.71994018554688,224.1790771484375,179.74295043945312,245.99746704101562,0.6579564213752747
41,207.97406005859375,150.4415740966797,240.00607299804688,222.1463165283203,0.38307273387908936
41,209.73504638671875,150.38372802734375,238.37628173828125,181.91558837890625,0.2553839087486267
41,209.67068481445312,150.3033905029297,237.72744750976562,165.4473114013672,0.08474132418632507
41,854.14501953125,536.0714721679688,874.100341796875,552.0844116210938,0.028242141008377075
42,164.76734924316406,224.1922607421875,179.7543487548828,246.31024169921875,0.6988319754600525
42,207.97079467773438,150.44061279296875,240.01010131835938,222.14715576171875,0.38276851177215576
42,209.7320556640625,150.38174438476562,238.38314819335938,181.87799072265625,0.255511611700058
42,209.66598510742188,150.3011474609375,237.73348999023438,165.4483642578125,0.08556874096393585
42,854.433837890625,535.6025390625,873.3736572265625,549.08251953125,0.014152846299111843
43,165.37718200683594,223.80076599121094,179.8386993408203,246.2965545654297,0.6717877388000488
43,208.04995727539062,150.45877075195312,239.99136352539062,222.17410278320312,0.3517960011959076
43,209.79481506347656,150.41482543945312,238.38465881347656,178.79287719726562,0.259774386882782
43,209.7272491455078,150.32455444335938,237.8005828857422,165.13510131835938,0.10355041921138763
44,165.3775634765625,223.87588500976562,179.93429565429688,246.36825561523438,0.6714314222335815
44,208.05291748046875,150.4320068359375,240.02426147460938,222.19671630859375,0.38825079798698425
44,209.8007354736328,150.36575317382812,238.53382873535156,182.47866821289062,0.27197253704071045
44,209.72027587890625,150.2758331298828,237.90667724609375,165.6501007080078,0.10283610969781876
45,166.01950073242188,223.36947631835938,180.17889404296875,245.51431274414062,0.38251766562461853
45,209.8643798828125,150.09564208984375,237.885009765625,178.4415283203125,0.3755066394805908
45,208.12454223632812,150.26361083984375,239.39535522460938,222.40542602539062,0.37230268120765686
45,209.818603515625,149.97509765625,237.34124755859375,165.15338134765625,0.3247684836387634
46,166.0137939453125,223.5762481689453,180.3619384765625,245.5226287841797,0.502444863319397
46,209.986083984375,149.99208068847656,237.8863525390625,174.28895568847656,0.3795708417892456
46,209.91648864746094,149.8583984375,237.3716583251953,163.44866943359375,0.3216816782951355
46,208.0952911376953,150.19583129882812,239.4480743408203,222.51962280273438,0.3048001825809479
47,166.1671905517578,223.43341064453125,180.75926208496094,245.6595458984375,0.3850673735141754
47,210.07705688476562,150.07235717773438,237.73660278320312,171.90145874023438,0.3617733418941498
47,210.00363159179688,149.9354248046875,237.29556274414062,163.23541259765625,0.3083658516407013
47,208.19081115722656,150.2452392578125,239.21580505371094,222.400634765625,0.2530774772167206
48,210.11485290527344,150.12222290039062,237.5991668701172,169.27703857421875,0.3506205677986145
48,166.19192504882812,223.3853759765625,180.79562377929688,245.79541015625,0.335162878036499
48,210.05825805664062,149.99542236328125,237.21859741210938,163.1435546875,0.30141767859458923
48,208.30667114257812,150.27838134765625,239.0306396484375,222.169189453125,0.1945594847202301
49,210.09234619140625,150.18746948242188,237.99383544921875,171.06680297851562,0.3230689465999603
49,210.02511596679688,150.10369873046875,237.51950073242188,163.39617919921875,0.24964852631092072
49,166.83880615234375,224.02194213867188,181.99429321289062,246.12619018554688,0.2219405323266983
49,208.29762268066406,150.34201049804688,239.4728546142578,222.42364501953125,0.19846786558628082
50,209.5856170654297,149.91294860839844,237.37928771972656,171.77809143066406,0.3339168429374695
50,209.5936279296875,149.81866455078125,236.99798583984375,163.46792602539062,0.28745037317276
50,166.82164001464844,224.05496215820312,182.0541229248047,246.15225219726562,0.23129360377788544
50,207.8505859375,150.15847778320312,238.9744873046875,222.40682983398438,0.19544212520122528
51,166.48117065429688,223.7235107421875,181.10440063476562,246.126708984375,0.3834337592124939
51,209.0533447265625,150.8609619140625,233.2958984375,163.92266845703125,0.3681187033653259
51,207.52554321289062,150.72787475585938,234.19668579101562,177.39315795898438,0.03569644317030907
51,208.49237060546875,150.73904418945312,233.86907958984375,169.62600708007812,0.030543651431798935
52,208.96493530273438,150.08763122558594,233.91519165039062,163.45423889160156,0.3224451243877411
52,167.0345458984375,224.48577880859375,182.13140869140625,246.36279296875,0.29785463213920593
52,207.63351440429688,150.19696044921875,234.71273803710938,174.031494140625,0.02110491320490837
53,166.4146728515625,223.8016357421875,180.815673828125,246.247314453125,0.3730255365371704
53,208.29937744140625,149.81808471679688,234.67694091796875,162.80233764648438,0.3717610836029053
53,208.0172119140625,149.8922119140625,235.17776489257812,172.16131591796875,0.2966533601284027
53,206.35531616210938,150.09860229492188,236.10391235351562,223.32858276367188,0.15740461647510529
53,848.96923828125,531.7216796875,869.303466796875,546.1436767578125,0.023311089724302292
54,166.29737854003906,223.62191772460938,180.6853790283203,246.33456420898438,0.4452851116657257
54,207.52261352539062,149.8731689453125,236.79867553710938,194.73696899414062,0.2521677315235138
54,207.7772674560547,149.82298278808594,235.3684539794922,165.8836212158203,0.2516821026802063
54,205.89810180664062,150.0611572265625,237.50738525390625,223.046142578125,0.2510570287704468
54,573.3369140625,195.61630249023438,594.2423095703125,220.54318237304688,0.055658772587776184
54,848.921142578125,531.6500244140625,868.8740234375,546.2454833984375,0.014279705472290516
55,166.3638916015625,223.83148193359375,180.6455078125,246.1417236328125,0.4197278618812561
55,205.63491821289062,150.0276336669922,238.50082397460938,223.0494842529297,0.30884474515914917
55,207.46774291992188,149.80047607421875,235.53134155273438,166.055908203125,0.28635933995246887
55,207.2021484375,149.87060546875,237.24200439453125,198.90130615234375,0.28474369645118713
55,572.2864990234375,195.55172729492188,593.2149658203125,221.09414672851562,0.051155611872673035
56,166.2618408203125,223.5996551513672,180.53387451171875,246.0821990966797,0.327319860458374
56,205.20350646972656,150.08216857910156,238.14476013183594,223.0558319091797,0.31271272897720337
56,207.09304809570312,149.86865234375,235.11257934570312,165.76544189453125,0.3099333941936493
56,206.7743377685547,149.96263122558594,237.1607208251953,198.8385772705078,0.2847658395767212
56,571.8580932617188,194.05685424804688,591.8904418945312,220.97720336914062,0.14813971519470215
57,165.86575317382812,223.78341674804688,180.53359985351562,245.72601318359375,0.6300286054611206
57,205.1658172607422,149.875,240.89610290527344,222.99737548828125,0.277370810508728
57,206.71939086914062,149.6727294921875,240.27908325195312,201.2940673828125,0.24435965716838837
57,206.933837890625,149.62940979003906,237.01547241210938,166.55223083496094,0.13714610040187836
57,571.624267578125,193.62261962890625,590.3148193359375,221.140869140625,0.05925901234149933
57,847.785400390625,531.26806640625,867.025634765625,546.10888671875,0.030670247972011566
58,165.7413330078125,224.03466796875,179.91986083984375,245.74697875976562,0.6637809872627258
58,206.01406860351562,149.26296997070312,240.95266723632812,201.18008422851562,0.2374102920293808
58,204.54922485351562,149.61553955078125,241.772216796875,223.03164672851562,0.23069144785404205
58,206.27911376953125,149.31805419921875,237.333740234375,166.21530151367188,0.13140946626663208
58,847.78125,531.295166015625,867.0806884765625,546.118896484375,0.0256644394248724
58,572.0545654296875,193.52227783203125,591.2874755859375,220.66070556640625,0.023689748719334602
59,165.31304931640625,224.08969116210938,179.67864990234375,245.57315063476562,0.6688246130943298
59,204.92092895507812,149.5972900390625,239.01669311523438,222.369873046875,0.1651105433702469
59,205.892822265625,148.509765625,242.69000244140625,206.80950927734375,0.12357183545827866
59,206.134521484375,148.9187774658203,235.84170532226562,167.8253631591797,0.0742006003856659
59,572.2777099609375,193.57461547851562,591.46923828125,220.33389282226562,0.037122052162885666
59,847.453125,531.6015014648438,866.67822265625,546.0684204101562,0.010513925924897194
60,164.97467041015625,224.00567626953125,179.5609130859375,245.30136108398438,0.6465425491333008
60,204.45347595214844,149.1991729736328,238.65061950683594,222.2036590576172,0.17308814823627472
60,205.65272521972656,148.42445373535156,235.37193298339844,168.44383239746094,0.1544286161661148
60,572.5223388671875,193.67784118652344,591.2354736328125,220.04454040527344,0.04831492900848389
60,847.4387817382812,531.455810546875,866.7316284179688,546.234619140625,0.01321854256093502
61,203.33053588867188,149.35446166992188,232.49160766601562,220.75979614257812,0.5356274247169495
61,164.51336669921875,223.61517333984375,178.798828125,244.34967041015625,0.11944188177585602
61,846.94189453125,531.7825927734375,864.917236328125,546.74609375,0.10424008220434189
61,290.43994140625,48.86029052734375,319.0640869140625,77.33216094970703,0.010968190617859364
62,203.09762573242188,149.53860473632812,231.84829711914062,221.05291748046875,0.4728735387325287
62,164.46786499023438,223.551025390625,178.99063110351562,244.42962646484375,0.1648624837398529
62,845.9752807617188,531.6161499023438,864.1643676757812,546.1685180664062,0.03669726103544235
62,290.0577392578125,49.68345642089844,318.4012451171875,77.14349365234375,0.010210365988314152
63,202.61196899414062,149.5570526123047,231.23135375976562,220.90135192871094,0.5375815033912659
63,164.13868713378906,223.9132080078125,178.63319396972656,244.33544921875,0.3142104148864746
63,845.627197265625,531.9794921875,863.368896484375,545.953369140625,0.15960422158241272
64,202.7261962890625,149.57534790039062,231.08438110351562,221.12631225585938,0.44309982657432556
64,203.5762939453125,149.27374267578125,230.23968505859375,202.10894775390625,0.37038761377334595
64,164.0563507080078,223.88717651367188,178.7129669189453,244.48776245117188,0.24164314568042755
65,202.6367950439453,149.56796264648438,231.03855895996094,220.85720825195312,0.48156610131263733
65,164.11131286621094,223.84970092773438,178.5565948486328,244.544921875,0.22523392736911774
66,202.0454864501953,149.60922241210938,230.1161651611328,220.90109252929688,0.490686297416687
66,163.88397216796875,223.67916870117188,178.3807373046875,244.65347290039062,0.10082107782363892
67,201.873779296875,149.67587280273438,229.4576416015625,221.08926391601562,0.486366331577301
67,163.86978149414062,223.473876953125,177.71209716796875,244.77532958984375,0.0598311573266983
68,201.70013427734375,149.68003845214844,229.08221435546875,220.8192901611328,0.554101288318634
68,163.55972290039062,223.73976135253906,177.62893676757812,244.9003448486328,0.16676053404808044
69,200.96377563476562,149.70452880859375,228.22225952148438,220.58837890625,0.6272509098052979
69,162.97239685058594,223.65512084960938,177.4123992919922,245.00357055664062,0.1463783085346222
70,200.24838256835938,150.35610961914062,227.88418579101562,220.98257446289062,0.7131679654121399
70,162.58836364746094,224.4780731201172,176.64720153808594,245.65235900878906,0.23349498212337494
71,199.22711181640625,150.45730590820312,227.2520751953125,221.78372192382812,0.612906813621521
71,161.9060516357422,224.20346069335938,176.47410583496094,246.65145874023438,0.49799835681915283
72,198.63894653320312,150.3306884765625,227.04110717773438,221.61203002929688,0.6075323820114136
72,161.6685791015625,224.47537231445312,176.22161865234375,246.78829956054688,0.5668736100196838
72,552.42041015625,331.75189208984375,562.683837890625,344.7225341796875,0.01849990338087082
73,198.204833984375,150.18296813964844,226.37139892578125,221.5375213623047,0.5144073367118835
73,160.69125366210938,224.08819580078125,175.69180297851562,245.87322998046875,0.3974774181842804
73,198.08717346191406,149.9390869140625,224.33555603027344,199.5809326171875,0.14667657017707825
74,197.75634765625,149.7734375,225.87850952148438,220.70745849609375,0.5580098032951355
74,160.54244995117188,223.42437744140625,175.1551513671875,245.57135009765625,0.3920396864414215
75,160.0679931640625,223.45301818847656,174.72314453125,245.3620147705078,0.37194308638572693
75,198.2633056640625,148.1663818359375,224.829833984375,206.68243408203125,0.3050695061683655
75,197.7831268310547,148.17803955078125,223.1394805908203,183.4178466796875,0.09615081548690796
75,194.12684631347656,147.53680419921875,223.0761260986328,221.19207763671875,0.016966436058282852
76,159.68621826171875,223.43125915527344,174.36016845703125,245.4223175048828,0.45270395278930664
76,197.2762451171875,148.09011840820312,222.166748046875,204.59060668945312,0.2994335889816284
76,195.76072692871094,148.921875,221.2510528564453,221.08026123046875,0.16552671790122986
76,197.21876525878906,148.09698486328125,220.56956481933594,175.02490234375,0.13360977172851562
77,196.43515014648438,148.1572723388672,221.371826171875,213.6001739501953,0.41471895575523376
77,159.22933959960938,223.454833984375,174.37472534179688,244.94488525390625,0.3619518280029297
77,196.41769409179688,148.09988403320312,220.07083129882812,183.14083862304688,0.2521584630012512
78,158.04495239257812,223.24234008789062,173.71188354492188,245.03506469726562,0.5046045780181885
78,196.12823486328125,148.08477783203125,221.70480346679688,216.27047729492188,0.3764227330684662
78,196.060302734375,148.04339599609375,219.98846435546875,192.77618408203125,0.21752914786338806
79,157.78134155273438,223.15150451660156,173.29837036132812,244.90101623535156,0.3100140392780304
79,195.98779296875,147.77296447753906,220.5911865234375,209.97169494628906,0.1606358289718628
79,195.87057495117188,147.76513671875,218.3175048828125,176.8125,0.07071422785520554
79,839.1926879882812,530.1387939453125,853.4834594726562,542.5980224609375,0.01446028146892786
80,157.87481689453125,222.37417602539062,173.25259399414062,244.59353637695312,0.32675954699516296
80,195.8026123046875,147.70138549804688,222.6845703125,210.81381225585938,0.28445953130722046
80,195.67855834960938,147.74803161621094,220.16653442382812,179.41407775878906,0.11539041250944138
80,839.1958618164062,530.1397705078125,853.4240112304688,542.6981201171875,0.02912561222910881
81,194.82814025878906,147.57676696777344,221.27891540527344,206.98252868652344,0.24342192709445953
81,838.8628540039062,529.6480102539062,853.3203735351562,542.5431518554688,0.1518741399049759
81,194.82200622558594,147.59136962890625,219.47239685058594,173.81893920898438,0.11294221878051758
82,193.56655883789062,146.9337158203125,221.02633666992188,217.3587646484375,0.4273315966129303
82,838.9920654296875,529.07275390625,852.7677001953125,542.529052734375,0.05545104295015335
82,157.023193359375,220.7584228515625,172.6915283203125,242.83932495117188,0.04813371226191521
83,193.67242431640625,146.3702392578125,222.0025634765625,213.58694458007812,0.23414593935012817
83,156.61451721191406,221.33035278320312,172.46339416503906,242.90426635742188,0.10228390991687775
83,193.72604370117188,146.4932403564453,220.47750854492188,190.1042938232422,0.07670146226882935
83,838.86767578125,528.412841796875,852.818115234375,542.802978515625,0.03317714110016823
84,193.58026123046875,145.8527069091797,223.44668579101562,212.85423278808594,0.1407795548439026
84,156.30953979492188,221.24212646484375,172.53842163085938,242.2767333984375,0.0970790684223175
84,193.55697631835938,146.03887939453125,221.01962280273438,186.6015625,0.025882521644234657
84,838.8231201171875,528.2883911132812,852.6275634765625,542.6250610351562,0.02294456772506237
85,156.24205017089844,219.86190795898438,172.00794982910156,241.23941040039062,0.26287248730659485
85,192.68911743164062,145.71923828125,222.33865356445312,215.81951904296875,0.10800271481275558
86,156.09307861328125,219.35980224609375,171.44244384765625,240.806884765625,0.47930362820625305
86,192.71224975585938,145.53912353515625,221.88943481445312,216.44439697265625,0.33822280168533325
86,566.25439453125,185.62698364257812,586.272705078125,206.99179077148438,0.014007076621055603
87,155.56838989257812,219.7126007080078,170.65676879882812,240.67604064941406,0.5407689809799194
87,191.7014617919922,145.34701538085938,220.33656311035156,217.77810668945312,0.3711661100387573
87,566.0626220703125,185.55062866210938,585.8787841796875,207.0303955078125,0.012230475433170795
88,155.52621459960938,219.64031982421875,170.43017578125,240.61590576171875,0.522165060043335
88,191.29885864257812,144.86892700195312,220.895263671875,217.54391479492188,0.32569196820259094
88,565.942138671875,186.0345458984375,586.181396484375,207.637939453125,0.02437634766101837
89,154.77645874023438,219.56500244140625,170.27691650390625,240.56829833984375,0.6517549753189087
89,191.0592041015625,144.68032836914062,220.8145751953125,217.38104248046875,0.28281235694885254
89,566.84375,186.73394775390625,587.2659912109375,207.3201904296875,0.01683119498193264
90,155.0472412109375,219.29238891601562,169.96795654296875,240.18704223632812,0.5034623742103577
90,191.21237182617188,144.62709045410156,216.87258911132812,206.7079620361328,0.2578522861003876
91,154.9418487548828,218.16476440429688,169.75990295410156,240.05142211914062,0.348284512758255
91,191.20721435546875,144.06631469726562,214.8973388671875,200.35354614257812,0.1003652811050415
92,154.23422241210938,218.23330688476562,169.14266967773438,239.84201049804688,0.655225396156311
92,190.6636962890625,144.30885314941406,215.552978515625,186.9778289794922,0.27213069796562195
92,190.5419921875,144.21548461914062,217.94537353515625,207.18923950195312,0.06714275479316711
92,835.828125,527.987548828125,848.720947265625,541.64501953125,0.02971680834889412
93,154.14230346679688,217.64564514160156,168.9525146484375,239.5757598876953,0.6401695013046265
93,190.311279296875,144.078369140625,214.71246337890625,189.829833984375,0.3717542588710785
93,190.2423095703125,143.92999267578125,217.4619140625,207.32440185546875,0.044359151273965836
94,153.16195678710938,217.70947265625,168.34054565429688,239.5478515625,0.5926451086997986
94,190.05691528320312,144.14447021484375,214.38104248046875,189.5963134765625,0.4395647644996643
94,190.00302124023438,144.01019287109375,217.2623291015625,207.4661865234375,0.03948365896940231
95,153.1553955078125,217.75140380859375,168.3397216796875,239.48468017578125,0.6000556945800781
95,189.1224365234375,144.19155883789062,212.9766845703125,200.19003295898438,0.3993590772151947
95,187.46072387695312,144.50698852539062,213.87722778320312,216.18905639648438,0.03257852420210838
96,152.45901489257812,217.62149047851562,168.19546508789062,239.40481567382812,0.5498586297035217
96,188.90899658203125,144.21218872070312,212.84628295898438,206.26846313476562,0.48902809619903564
97,152.10824584960938,217.39602661132812,168.16448974609375,239.28439331054688,0.4918343126773834
97,188.41525268554688,144.1019287109375,212.14871215820312,208.3458251953125,0.4535766541957855
98,151.8111572265625,217.32638549804688,167.41241455078125,239.24667358398438,0.5006016492843628
98,188.73248291015625,144.3857879638672,211.29840087890625,192.18504333496094,0.44546592235565186
98,186.74610900878906,144.82699584960938,211.96665954589844,216.3626708984375,0.05211448669433594
99,151.05747985839844,217.31129455566406,166.68296813964844,240.14710998535156,0.698043942451477
99,187.78738403320312,144.4303436279297,210.77850341796875,194.0136260986328,0.5663576126098633
99,185.77944946289062,144.76153564453125,211.47048950195312,216.09942626953125,0.1173383891582489
100,150.90969848632812,217.3184051513672,166.42691040039062,240.1633758544922,0.7235370874404907
100,187.43212890625,144.44900512695312,210.93646240234375,199.62985229492188,0.5849193930625916
100,185.21490478515625,144.78993225097656,211.45431518554688,216.7019805908203,0.15055231750011444
101,150.29429626464844,218.78717041015625,165.0839385986328,240.125244140625,0.6936668157577515
101,186.07504272460938,145.04075622558594,209.65829467773438,191.2368927001953,0.45339465141296387
101,183.95021057128906,145.26361083984375,210.1371307373047,218.45269775390625,0.05575732886791229
101,563.0669555664062,185.89608764648438,583.9223022460938,207.90377807617188,0.015954328700900078
102,150.19125366210938,218.66680908203125,165.05160522460938,239.95068359375,0.7076190114021301
102,185.70765686035156,144.88232421875,209.30809020996094,192.82720947265625,0.4768266975879669
102,183.54522705078125,145.07876586914062,209.810791015625,218.45700073242188,0.06120708957314491
102,563.0294799804688,185.90127563476562,583.9319458007812,207.9744873046875,0.013724676333367825
103,149.57199096679688,218.90472412109375,164.33718872070312,240.04144287109375,0.7313786745071411
103,185.30361938476562,144.9202117919922,208.633544921875,176.47499084472656,0.4706389307975769
103,183.26107788085938,144.98704528808594,209.52725219726562,218.3347625732422,0.03722484037280083
103,182.81576538085938,144.8890838623047,208.03396606445312,199.85899353027344,0.0304412879049778
104,148.50918579101562,218.94619750976562,163.26620483398438,239.77459716796875,0.6625115275382996
104,184.80596923828125,144.98043823242188,208.65084838867188,196.82119750976562,0.525438666343689
104,182.78201293945312,145.04702758789062,209.28115844726562,218.15872192382812,0.08656564354896545
104,562.548828125,186.24581909179688,583.090087890625,209.02145385742188,0.02985796518623829
105,148.32949829101562,218.86264038085938,163.47061157226562,239.72592163085938,0.7226765155792236
105,185.27505493164062,144.97503662109375,208.78244018554688,171.36761474609375,0.45479586720466614
105,183.26467895507812,145.04473876953125,209.87850952148438,220.29226684570312,0.03304167836904526
105,182.9453125,144.90069580078125,208.1595458984375,191.27764892578125,0.025324031710624695
105,562.9411010742188,186.11376953125,583.0739135742188,208.90252685546875,0.014883225783705711
106,147.84124755859375,218.8187255859375,162.99774169921875,239.9093017578125,0.7111528515815735
106,184.76681518554688,144.99325561523438,208.28750610351562,173.53955078125,0.35368406772613525
106,182.64212036132812,144.99887084960938,207.78073120117188,191.54147338867188,0.03811895102262497
106,182.60189819335938,145.05972290039062,209.221923828125,219.666259765625,0.013407713733613491
107,147.75888061523438,218.92626953125,162.67025756835938,240.1185302734375,0.7409891486167908
107,185.24844360351562,145.00689697265625,208.08261108398438,161.60098266601562,0.3053111732006073
107,183.06240844726562,144.94308471679688,207.82003784179688,171.6923828125,0.020298676565289497
108,147.73614501953125,218.75332641601562,162.4976806640625,240.1671142578125,0.7099113464355469
108,185.215087890625,145.0447235107422,207.66156005859375,160.38771057128906,0.05623989179730415
108,183.27487182617188,144.9485321044922,208.11669921875,166.05967712402344,0.015752147883176804
109,147.13299560546875,218.766845703125,162.34765625,239.98516845703125,0.7188509702682495
109,184.96600341796875,145.05838012695312,207.7774658203125,163.95608520507812,0.0664747953414917
109,183.0745849609375,145.0125732421875,207.96844482421875,173.63699340820312,0.02186867780983448
110,146.9333953857422,218.244873046875,161.6885223388672,239.41162109375,0.6375733017921448
110,185.19761657714844,145.04202270507812,208.1795196533203,162.74661254882812,0.05828341096639633
110,183.13546752929688,144.94329833984375,208.58767700195312,172.75927734375,0.022220594808459282
111,146.30435180664062,217.93637084960938,161.63082885742188,239.52938842773438,0.6664750576019287
111,185.41049194335938,144.9698486328125,206.65341186523438,158.48092651367188,0.08387038111686707
112,146.27145385742188,217.9656219482422,161.05496215820312,239.4747772216797,0.4563957154750824
112,184.14614868164062,145.04946899414062,206.00674438476562,160.26766967773438,0.04341008886694908
112,182.55081176757812,145.04861450195312,206.43060302734375,170.46170043945312,0.021502528339624405
113,146.26870727539062,217.88265991210938,160.91360473632812,239.5576171875,0.4247611463069916
113,183.74081420898438,145.0529327392578,205.99838256835938,163.5686492919922,0.05342630669474602
113,182.0672149658203,145.09666442871094,206.3656768798828,181.83717346191406,0.02997506596148014
114,146.15457153320312,217.8084716796875,160.74057006835938,239.54556274414062,0.3983395993709564
114,183.8959197998047,145.38204956054688,206.2490692138672,161.62265014648438,0.06497639417648315
114,182.29263305664062,145.4033660888672,206.70022583007812,176.4480743408203,0.031026795506477356
115,146.1620330810547,217.40350341796875,160.70191955566406,239.47149658203125,0.5308905243873596
115,183.85064697265625,145.3187713623047,206.12042236328125,162.34849548339844,0.10307053476572037
115,182.16845703125,145.34194946289062,206.5625,178.92611694335938,0.03740141540765762
116,146.19696044921875,217.24143981933594,160.809814453125,238.76231384277344,0.581338107585907
116,184.81655883789062,145.286865234375,206.76571655273438,159.28228759765625,0.08191478252410889
116,182.93142700195312,145.20175170898438,207.3841552734375,165.14578247070312,0.02034284546971321
117,146.25042724609375,216.83328247070312,160.64447021484375,238.54592895507812,0.5478538870811462
117,184.83836364746094,144.41183471679688,209.07810974121094,162.76742553710938,0.06708197295665741
117,182.06192016601562,144.41009521484375,209.54025268554688,185.49224853515625,0.013941779732704163
118,146.0135955810547,216.23843383789062,160.3987579345703,237.91726684570312,0.4652901887893677
118,184.46665954589844,144.449951171875,208.52293395996094,166.04806518554688,0.08182188123464584
118,535.3690185546875,333.90313720703125,546.8448486328125,346.42352294921875,0.03395787626504898
118,181.64002990722656,144.444091796875,208.99891662597656,190.3583984375,0.018725251778960228
119,146.12185668945312,215.99984741210938,160.68600463867188,238.07717895507812,0.5730900764465332
119,184.08612060546875,144.39492797851562,207.87255859375,171.0379638671875,0.12556730210781097
119,535.550048828125,334.0520935058594,546.7174072265625,346.3183288574219,0.035993341356515884
119,181.05104064941406,144.40145874023438,208.23545837402344,194.11325073242188,0.02644507586956024
120,146.1819305419922,215.31346130371094,160.4944610595703,237.41297912597656,0.5869234800338745
120,183.8555908203125,144.24655151367188,207.751708984375,171.2828369140625,0.05383730307221413
120,535.7427368164062,334.53668212890625,546.7893676757812,346.57293701171875,0.018132291734218597
120,180.6126708984375,144.28668212890625,208.04296875,192.892822265625,0.015210363082587719
121,146.86959838867188,214.84341430664062,161.97940063476562,236.89947509765625,0.7169526815414429
121,188.229736328125,142.99952697753906,210.7379150390625,156.8847198486328,0.04311666265130043
122,146.58065795898438,214.05657958984375,162.40548706054688,235.17169189453125,0.7216589450836182
122,188.50912475585938,141.68069458007812,211.53262329101562,156.03759765625,0.01703854463994503
123,147.17861938476562,212.33905029296875,163.29400634765625,235.29931640625,0.7647351622581482
123,189.2216796875,141.76123046875,210.179443359375,155.12265014648438,0.011743981391191483
124,147.61972045898438,211.67361450195312,163.45449829101562,234.10360717773438,0.7583771347999573
124,272.91265869140625,55.53858947753906,300.98089599609375,76.36839294433594,0.021754402667284012
125,147.82708740234375,211.27044677734375,163.39138793945312,233.8968505859375,0.7643958330154419
126,148.22210693359375,210.17218017578125,163.42254638671875,232.73602294921875,0.7731468081474304
127,148.23919677734375,210.0474090576172,163.55718994140625,232.7142791748047,0.7767898440361023
128,148.39724731445312,209.73477172851562,163.392822265625,231.98519897460938,0.7615300416946411
128,192.29644775390625,140.41659545898438,214.13446044921875,154.37179565429688,0.011367574334144592
129,148.48318481445312,209.64871215820312,163.47201538085938,231.92880249023438,0.7569690346717834
129,193.19451904296875,140.28997802734375,214.7672119140625,153.4833984375,0.04021104425191879
130,149.74505615234375,208.74301147460938,163.39898681640625,231.33493041992188,0.7222665548324585
130,193.37307739257812,140.262451171875,214.91769409179688,153.60321044921875,0.03534650802612305
131,150.58926391601562,207.71177673339844,165.474853515625,230.91514587402344,0.5289450883865356
131,194.36102294921875,139.79412841796875,214.158447265625,153.36407470703125,0.022028248757123947
131,837.6825561523438,529.5528564453125,849.7495727539062,542.6832275390625,0.018764253705739975
132,150.80807495117188,207.033447265625,165.34103393554688,229.66058349609375,0.282156378030777
132,194.51370239257812,139.76693725585938,213.58621215820312,152.93295288085938,0.02040073648095131
132,838.5660400390625,529.5886840820312,850.6756591796875,544.1011352539062,0.0127858966588974
133,150.75543212890625,205.5111083984375,167.2728271484375,228.889404296875,0.466118723154068
133,195.30447387695312,139.623046875,214.01321411132812,152.9771728515625,0.024356713518500328
134,151.75973510742188,205.47421264648438,167.45004272460938,228.73046875,0.45715445280075073
134,195.95013427734375,139.77145385742188,216.28265380859375,152.94400024414062,0.06409008055925369
135,152.185791015625,205.1123046875,169.165771484375,228.14666748046875,0.4913749694824219
135,195.753662109375,139.6620330810547,216.1707763671875,152.78770446777344,0.05959818884730339
136,152.71792602539062,204.71632385253906,169.69631958007812,227.18800354003906,0.3077973425388336
136,197.17088317871094,139.56784057617188,218.5864715576172,152.36419677734375,0.06186382472515106
137,152.9237060546875,204.23545837402344,169.5260009765625,227.30433654785156,0.4728403687477112
137,199.4497833251953,139.28968811035156,219.95008850097656,151.85569763183594,0.02594190090894699
138,153.10386657714844,203.6492462158203,169.5227813720703,226.39503479003906,0.4550752639770508
138,199.52090454101562,138.78070068359375,220.27114868164062,151.77655029296875,0.018805842846632004
139,153.1537628173828,203.3526153564453,169.73789978027344,225.7089080810547,0.5746331810951233
140,153.66433715820312,203.07199096679688,170.32009887695312,224.91751098632812,0.18907126784324646
140,200.52474975585938,138.40985107421875,221.19403076171875,151.3699951171875,0.011819417588412762
141,154.39926147460938,202.8175048828125,170.66342163085938,224.43133544921875,0.6139012575149536
141,200.33653259277344,135.50062561035156,220.2875518798828,148.03770446777344,0.03370370715856552
141,200.53443908691406,137.54916381835938,221.05567932128906,150.46969604492188,0.02622983418405056
142,154.48159790039062,202.24978637695312,170.52566528320312,223.57290649414062,0.629597008228302
142,200.36764526367188,135.50502014160156,220.02566528320312,147.88841247558594,0.044483162462711334
142,200.49331665039062,137.48031616210938,220.94540405273438,150.32400512695312,0.02927219308912754
143,154.60968017578125,201.95803833007812,170.466552734375,223.24606323242188,0.6540678143501282
143,200.9337158203125,135.46847534179688,220.91058349609375,147.36099243164062,0.04386424273252487
143,201.01092529296875,137.32241821289062,220.98040771484375,149.97958374023438,0.019541623070836067
143,524.6260986328125,362.126953125,537.1619873046875,375.755126953125,0.017124857753515244
144,154.88595581054688,201.3783416748047,170.31863403320312,222.5424346923828,0.40371641516685486
144,201.25926208496094,135.46807861328125,221.5351104736328,147.11859130859375,0.031743939965963364
144,524.901123046875,362.77752685546875,537.552001953125,375.67071533203125,0.028803734108805656
144,289.8006591796875,51.065670013427734,316.258544921875,77.024658203125,0.023686163127422333
144,201.35531616210938,137.45008850097656,220.96664428710938,149.86769104003906,0.010659292340278625
144,526.296142578125,359.9453125,537.4473876953125,371.728271484375,0.010442148894071579
145,155.37026977539062,201.01974487304688,170.93853759765625,222.60531616210938,0.2023289054632187
145,290.87896728515625,51.781246185302734,316.59716796875,76.76095581054688,0.023112425580620766
145,201.308837890625,135.4750213623047,221.67462158203125,146.9601287841797,0.020904960110783577
146,155.33950805664062,200.966796875,171.05026245117188,222.8597412109375,0.22539512813091278
146,201.16477966308594,135.56466674804688,221.9167022705078,146.78646850585938,0.026949647814035416
146,290.8512268066406,53.182918548583984,317.4267883300781,77.14553833007812,0.02085636742413044
147,155.30233764648438,201.10040283203125,170.89932250976562,222.3953857421875,0.23669417202472687
147,290.88507080078125,53.46211242675781,317.73638916015625,77.121826171875,0.0510583370923996
147,201.2913818359375,135.51437377929688,222.19268798828125,146.78814697265625,0.01908230036497116
148,155.54464721679688,200.6834716796875,170.85723876953125,222.28207397460938,0.18545767664909363
148,290.977294921875,54.55550003051758,317.858154296875,77.09367370605469,0.05187214910984039
148,201.47286987304688,135.53628540039062,222.31417846679688,146.79739379882812,0.03745386376976967
149,155.65231323242188,200.41737365722656,170.90640258789062,221.65126037597656,0.23309069871902466
149,291.47393798828125,55.12683868408203,317.94940185546875,77.06304168701172,0.04544251412153244
149,201.39669799804688,135.50839233398438,222.27267456054688,146.78030395507812,0.030148688703775406
150,155.71771240234375,200.34222412109375,170.77117919921875,221.51385498046875,0.3276621103286743
150,291.52032470703125,54.86912155151367,318.24822998046875,77.07179260253906,0.032158952206373215
151,155.7004852294922,198.47689819335938,171.6040802001953,221.498046875,0.47136586904525757
151,291.51470947265625,54.60795593261719,318.58538818359375,77.06349182128906,0.032720789313316345
152,155.78857421875,198.83648681640625,171.24078369140625,221.42837524414062,0.545504629611969
152,202.18316650390625,134.81317138671875,223.5443115234375,147.9608154296875,0.08512892574071884
152,201.90524291992188,136.86412048339844,221.79629516601562,151.9809112548828,0.015291506424546242
153,155.7266387939453,198.060546875,171.13877868652344,220.72891235351562,0.6353052854537964
153,201.87269592285156,134.7473602294922,223.55409240722656,147.81333923339844,0.08437792956829071
153,201.43673706054688,136.7821807861328,221.84085083007812,152.1524200439453,0.016421213746070862
154,155.709228515625,197.393798828125,171.27581787109375,219.605224609375,0.6899258494377136
154,200.9626007080078,134.51272583007812,223.5305938720703,148.16696166992188,0.04984428733587265
155,155.6926727294922,197.09146118164062,171.42845153808594,219.65432739257812,0.7178096175193787
155,201.74107360839844,134.4730682373047,223.74351501464844,147.5991973876953,0.05653060972690582
156,155.65634155273438,197.0573272705078,171.22055053710938,219.2826385498047,0.7138586044311523
156,201.39981079101562,134.52633666992188,223.57638549804688,147.92318725585938,0.04678242281079292
157,155.71969604492188,196.9703369140625,171.36459350585938,219.29327392578125,0.7086341381072998
157,201.918212890625,134.40399169921875,223.6292724609375,146.89898681640625,0.02240266464650631
158,155.77969360351562,196.95220947265625,171.77438354492188,219.17340087890625,0.6360244750976562
158,202.35519409179688,134.1195068359375,223.64288330078125,147.15960693359375,0.032330259680747986
159,155.6673583984375,196.384765625,171.78494262695312,218.54705810546875,0.7062230706214905
159,202.4686279296875,133.85015869140625,224.03277587890625,145.6297607421875,0.026848942041397095
160,155.98175048828125,194.90859985351562,171.67327880859375,217.538330078125,0.7167168855667114
161,156.09042358398438,194.95233154296875,172.47695922851562,217.50210571289062,0.7373153567314148
161,201.28179931640625,131.28297424316406,223.80621337890625,144.04429626464844,0.01223522238433361
162,156.11741638183594,194.52316284179688,172.38282775878906,217.13430786132812,0.7327750325202942
163,156.12051391601562,194.36619567871094,172.30929565429688,217.11073303222656,0.7473990321159363
164,156.32562255859375,193.69432067871094,171.71661376953125,215.91505432128906,0.6803182363510132
164,201.6319580078125,130.92662048339844,223.77438354492188,143.50205993652344,0.01818905398249626
165,156.30685424804688,193.34910583496094,171.64535522460938,215.6975860595703,0.7294589877128601
166,156.3388671875,193.31224060058594,171.80401611328125,215.4711456298828,0.704450249671936
167,156.39781188964844,193.25448608398438,171.7672576904297,215.41094970703125,0.7104780673980713
167,203.1100616455078,130.08157348632812,224.2827606201172,142.90554809570312,0.014160173013806343
168,156.38851928710938,193.0149383544922,172.15097045898438,215.04344177246094,0.6985907554626465
168,203.192138671875,130.0709228515625,224.36822509765625,142.87030029296875,0.018820766359567642
169,156.38787841796875,192.60357666015625,172.93026733398438,213.93902587890625,0.7223232984542847
169,202.7626953125,129.91461181640625,224.78057861328125,142.76785278320312,0.04913733899593353
170,156.4670867919922,192.51034545898438,172.63462829589844,213.55520629882812,0.6226866841316223
171,156.20751953125,192.04025268554688,173.30499267578125,213.91323852539062,0.7693387269973755
172,156.28477478027344,192.0320587158203,173.2124786376953,213.6433868408203,0.7716035842895508
173,156.20327758789062,191.31149291992188,173.00180053710938,212.76187133789062,0.7645862102508545
174,156.14236450195312,191.09251403808594,172.63275146484375,212.69664001464844,0.7184593677520752
175,156.31271362304688,190.74850463867188,173.46456909179688,212.12051391601562,0.6790161728858948
176,156.43768310546875,189.92837524414062,173.22454833984375,211.37359619140625,0.502682089805603
177,156.53622436523438,189.1627197265625,173.19808959960938,211.246337890625,0.5897983908653259
178,156.7623291015625,188.045654296875,173.70660400390625,210.0509033203125,0.5553159117698669
179,157.0555419921875,187.55084228515625,176.38919067382812,209.7330322265625,0.45831334590911865
180,157.23985290527344,186.43765258789062,181.3386688232422,209.24057006835938,0.1750062257051468
180,157.14015197753906,182.45993041992188,186.49351501464844,209.42623901367188,0.012664621695876122
181,158.25454711914062,185.5713348388672,192.1622314453125,209.7057647705078,0.7346903681755066
181,850.0081176757812,535.167236328125,863.4662475585938,546.5306396484375,0.03079371526837349
181,565.188232421875,235.64154052734375,584.5906982421875,260.4644775390625,0.029731510207057
182,158.26962280273438,185.490966796875,192.02438354492188,209.55709838867188,0.7420695424079895
182,565.2665405273438,235.60159301757812,584.5918579101562,260.0013732910156,0.02859896793961525
182,850.3443603515625,535.143310546875,863.5482177734375,546.583251953125,0.02437506429851055
183,158.69602966308594,185.5366973876953,191.97071838378906,208.5839080810547,0.7739004492759705
183,261.3702697753906,444.3426513671875,278.6587219238281,456.93243408203125,0.07913672178983688
183,849.7345581054688,535.4390869140625,863.6403198242188,546.7730712890625,0.03470426797866821
183,565.3133544921875,235.59640502929688,584.5863037109375,260.0318603515625,0.02719043381512165
184,158.62844848632812,185.213623046875,191.75283813476562,207.87725830078125,0.7419397830963135
184,565.2030639648438,235.55838012695312,584.6119995117188,259.7093811035156,0.055360130965709686
184,849.5750122070312,535.4332275390625,863.7478637695312,547.2100830078125,0.04561211168766022
184,260.79083251953125,444.3467102050781,278.75921630859375,457.2095642089844,0.01460928563028574
185,158.66943359375,183.06813049316406,192.4034423828125,206.6897735595703,0.6651157736778259
185,849.12939453125,535.5662841796875,863.7681884765625,547.2723388671875,0.09895627200603485
185,565.1376953125,235.52755737304688,584.584228515625,259.2002868652344,0.09491235762834549
185,260.92962646484375,443.2873840332031,278.88885498046875,457.2532043457031,0.017525101080536842
186,158.600341796875,182.60015869140625,192.02850341796875,206.36041259765625,0.7456674575805664
186,849.4422607421875,535.630615234375,864.3184814453125,547.8526611328125,0.11395738273859024
186,564.976318359375,235.90069580078125,586.001220703125,259.12103271484375,0.10223221778869629
187,158.71176147460938,181.86521911621094,191.75094604492188,205.19053649902344,0.7347352504730225
187,565.111328125,235.65985107421875,584.969482421875,259.54827880859375,0.12431871145963669
187,850.14453125,535.7271728515625,864.760498046875,548.227783203125,0.08954661339521408
187,563.6905517578125,236.303466796875,586.2396240234375,265.4854736328125,0.011080220341682434
188,158.3248748779297,178.114501953125,192.2924041748047,203.89129638671875,0.7275117635726929
188,849.2181396484375,535.7904052734375,864.7493896484375,548.7589111328125,0.15612530708312988
188,564.8983764648438,235.56228637695312,585.3676147460938,259.9892883300781,0.05395211651921272
188,847.4580688476562,536.401611328125,865.0900268554688,552.0361328125,0.027724776417016983
189,158.59930419921875,178.50131225585938,192.372314453125,204.08383178710938,0.7370167970657349
189,851.927490234375,535.8202514648438,865.2158203125,548.5820922851562,0.2013455480337143
189,565.127685546875,235.64395141601562,585.45654296875,259.4642333984375,0.07256854325532913
189,849.6141357421875,536.5909423828125,865.5811767578125,552.033203125,0.02276882901787758
190,159.3924560546875,179.35443115234375,192.45318603515625,203.40673828125,0.759468138217926
190,565.5255126953125,235.82974243164062,585.2042236328125,259.3152770996094,0.05489543825387955
190,853.2388305664062,535.32177734375,865.9829711914062,548.48828125,0.019195223227143288
191,159.8397216796875,179.7061004638672,185.10150146484375,202.4574432373047,0.6580631732940674
192,160.348876953125,179.08023071289062,183.4779052734375,202.57785034179688,0.7073571085929871
193,160.5302734375,178.99551391601562,185.7877197265625,201.91949462890625,0.6709739565849304
194,161.79592895507812,178.1365966796875,185.21859741210938,200.53692626953125,0.6375176906585693
195,162.51715087890625,177.4754638671875,184.87713623046875,200.35638427734375,0.7037178874015808
196,163.12408447265625,176.8031768798828,188.35986328125,199.62464904785156,0.6676083207130432
197,164.24502563476562,175.91961669921875,192.30032348632812,199.03659057617188,0.6509461998939514
198,164.7981414794922,176.32579040527344,192.2043914794922,199.0823516845703,0.6923238039016724
199,166.56906127929688,174.07559204101562,197.79074096679688,198.52435302734375,0.6247606873512268
200,166.81056213378906,173.772705078125,198.42527770996094,197.54507446289062,0.7366787195205688
201,167.9002685546875,174.2662811279297,189.0826416015625,197.48902893066406,0.37828344106674194
202,168.06332397460938,174.05587768554688,190.46023559570312,196.78646850585938,0.3569794297218323
203,168.59201049804688,173.39163208007812,194.69259643554688,196.84033203125,0.256509929895401
203,168.50254821777344,165.09576416015625,198.4972686767578,196.8267822265625,0.020958514884114265
204,169.350341796875,174.22293090820312,188.95458984375,196.20913696289062,0.4455901086330414
205,169.28970336914062,173.85696411132812,188.02789306640625,196.09371948242188,0.30511802434921265
206,170.90292358398438,173.84661865234375,189.06216430664062,196.40228271484375,0.3811022639274597
206,260.3885498046875,442.22564697265625,278.4918212890625,456.78533935546875,0.013887456618249416
207,171.67030334472656,173.55101013183594,189.62522888183594,195.43870544433594,0.25772592425346375
208,172.13880920410156,172.65769958496094,192.2484588623047,195.64662170410156,0.3177683353424072
209,172.4761962890625,171.58538818359375,194.62322998046875,195.51763916015625,0.08515191823244095
210,173.22552490234375,171.54937744140625,202.9173583984375,195.7911376953125,0.1618560403585434
211,173.9077911376953,172.5650177001953,202.89610290527344,196.9897918701172,0.673297107219696
211,216.652587890625,116.34228515625,242.9329833984375,129.0150604248047,0.02500210516154766
211,858.75537109375,539.8582153320312,877.150390625,552.1074829101562,0.01693841628730297
212,174.32675170898438,174.54864501953125,198.34555053710938,196.34658813476562,0.6827713251113892
212,859.6400146484375,540.010009765625,877.3360595703125,552.0556640625,0.014623699709773064
213,175.02264404296875,174.24588012695312,202.06683349609375,195.98648071289062,0.704936683177948
214,175.3662109375,174.44480895996094,201.88165283203125,196.47422790527344,0.599081814289093
214,261.6285400390625,443.1971435546875,278.083251953125,456.2469482421875,0.05625902861356735
215,175.34048461914062,174.40509033203125,202.31637573242188,196.55123901367188,0.6295080780982971
215,261.5920104980469,443.3038330078125,278.0473327636719,456.2684326171875,0.05055411532521248
216,175.38363647460938,174.40447998046875,202.93978881835938,196.72406005859375,0.6374882459640503
216,261.40618896484375,443.03533935546875,278.09039306640625,456.27557373046875,0.022875821217894554
217,175.49148559570312,174.39358520507812,203.03268432617188,196.68374633789062,0.627613365650177
217,261.316162109375,442.7939453125,278.1749267578125,456.208740234375,0.023357337340712547
218,175.56982421875,174.35406494140625,203.44036865234375,196.866943359375,0.7004135251045227
218,261.63330078125,442.662353515625,278.25787353515625,456.2803955078125,0.0377352237701416
219,175.527099609375,174.5181121826172,202.688720703125,196.77952575683594,0.678636908531189
220,176.01458740234375,175.01724243164062,203.56915283203125,197.24508666992188,0.6951330900192261
221,176.0677947998047,175.04513549804688,202.70008850097656,197.73397827148438,0.5035130381584167
222,176.04534912109375,174.81515502929688,203.71673583984375,199.3515625,0.6262330412864685
222,527.409912109375,375.94378662109375,538.1854248046875,388.13995361328125,0.024348845705389977
223,175.21951293945312,175.59561157226562,202.33010864257812,199.45840454101562,0.3180619776248932
223,528.7385864257812,375.95526123046875,538.3267211914062,386.72442626953125,0.049474578350782394
224,174.36151123046875,175.87530517578125,202.4927978515625,200.02203369140625,0.2543545663356781
224,528.1834106445312,375.94989013671875,538.1766967773438,386.8050537109375,0.025768375024199486
225,173.94534301757812,176.759033203125,196.92813110351562,200.01092529296875,0.11900471150875092
225,528.657470703125,375.93463134765625,538.768310546875,386.81353759765625,0.030318941920995712
226,173.44277954101562,177.35206604003906,198.16143798828125,200.7140350341797,0.320547878742218
226,528.4850463867188,375.8853759765625,538.4205932617188,384.53076171875,0.015386738814413548
227,172.64190673828125,177.66265869140625,196.15847778320312,200.33935546875,0.25832095742225647
227,529.6238403320312,375.7842102050781,539.8777465820312,384.4663391113281,0.02869574725627899
228,172.247802734375,178.79959106445312,195.724609375,201.83828735351562,0.47201186418533325
228,529.994873046875,375.73248291015625,540.311767578125,384.44000244140625,0.026529155671596527
229,171.794921875,180.06509399414062,190.98907470703125,202.85604858398438,0.612169086933136
229,529.5043334960938,375.22406005859375,540.3628540039062,383.75140380859375,0.0844830572605133
230,171.40744018554688,181.46603393554688,195.64498901367188,203.86373901367188,0.5644596815109253
230,529.9842529296875,375.12457275390625,540.277587890625,383.19940185546875,0.05326720327138901
231,170.98304748535156,182.71139526367188,188.7180938720703,204.91256713867188,0.38398751616477966
232,170.72784423828125,182.97332763671875,192.74667358398438,205.59344482421875,0.5951008200645447
233,169.84544372558594,183.84121704101562,189.03614807128906,206.98397827148438,0.5149741768836975
234,169.8636474609375,184.34100341796875,190.35736083984375,207.59396362304688,0.6705816388130188
235,169.052978515625,185.44187927246094,188.7293701171875,208.59898376464844,0.5398767590522766
236,168.84732055664062,186.6186981201172,186.65725708007812,209.3980255126953,0.3781343102455139
237,167.9862518310547,187.22549438476562,186.5812530517578,211.42742919921875,0.3516237735748291
238,167.82839965820312,187.47927856445312,187.97409057617188,212.13192749023438,0.4584823548793793
239,166.46380615234375,188.0570068359375,184.53717041015625,212.16082763671875,0.48884445428848267
240,166.61253356933594,189.19015502929688,187.5196990966797,213.09542846679688,0.6071872711181641
241,166.655029296875,192.13455200195312,187.03857421875,216.40823364257812,0.10714011639356613
241,836.9913330078125,530.7063598632812,851.3497314453125,542.6293334960938,0.05690250173211098
242,166.11611938476562,190.94805908203125,185.16989135742188,216.55535888671875,0.08056427538394928
242,836.7019653320312,530.8533935546875,850.2924194335938,542.385498046875,0.02548537217080593
243,165.0394744873047,191.0469970703125,182.27113342285156,216.29962158203125,0.08981642872095108
243,836.5869140625,530.12841796875,850.488525390625,542.313232421875,0.015251736156642437
244,164.27261352539062,191.53677368164062,181.36538696289062,215.72085571289062,0.16138353943824768
244,835.2398681640625,530.4803466796875,850.0181884765625,542.8006591796875,0.020133331418037415
245,163.10415649414062,191.9599609375,177.85562133789062,216.09686279296875,0.1603781133890152
246,162.45318603515625,193.17105102539062,176.48553466796875,217.73507690429688,0.3771837055683136
247,162.40899658203125,193.5752716064453,177.94403076171875,218.74900817871094,0.523574709892273
248,161.99026489257812,193.94146728515625,178.26296997070312,219.1171875,0.6441265344619751
249,161.95062255859375,194.5074462890625,177.901611328125,219.29766845703125,0.6223124861717224
249,162.96871948242188,198.14443969726562,179.70144653320312,218.33993530273438,0.12961216270923615
250,161.7890625,193.8494415283203,183.01068115234375,219.6013946533203,0.6710426211357117
251,161.74844360351562,194.5469207763672,183.67416381835938,220.33726501464844,0.6775858402252197
252,161.81594848632812,194.75277709960938,183.51724243164062,220.4903564453125,0.6946693062782288
253,161.74484252929688,195.61663818359375,183.22256469726562,220.89801025390625,0.7117720246315002
254,161.78070068359375,195.81793212890625,183.86907958984375,221.52041625976562,0.7201651930809021
255,161.8544464111328,195.71588134765625,183.4802703857422,221.8017578125,0.7301269173622131
255,800.5360107421875,107.04417419433594,821.1680908203125,127.19216918945312,0.011901791207492352
256,161.96908569335938,195.466552734375,183.19351196289062,221.96502685546875,0.7386059165000916
257,162.5594024658203,195.1317901611328,181.9801788330078,220.6936492919922,0.7228427529335022
258,162.98703002929688,194.97018432617188,182.1610107421875,220.34713745117188,0.7208374738693237
258,801.4613037109375,107.07637023925781,822.160400390625,131.4567108154297,0.06405552476644516
259,163.23297119140625,195.03665161132812,182.21453857421875,220.15090942382812,0.6828285455703735
260,163.73536682128906,194.54583740234375,182.7760772705078,220.18368530273438,0.627536952495575
261,164.74569702148438,195.51646423339844,182.591552734375,219.9221954345703,0.6181643009185791
262,166.29742431640625,194.1273956298828,183.6669921875,219.52085876464844,0.21293780207633972
263,167.75088500976562,194.10818481445312,185.59310913085938,219.54769897460938,0.21883779764175415
263,539.4498901367188,359.6596984863281,552.0050659179688,369.3739929199219,0.0219697467982769
264,168.8238983154297,193.2000274658203,187.7173309326172,219.03407287597656,0.4330110549926758
265,170.1103973388672,194.44598388671875,187.9616241455078,219.26055908203125,0.6997895240783691
265,541.2706909179688,359.9583740234375,552.2228393554688,372.6446533203125,0.01902461238205433
266,170.71897888183594,193.8072509765625,188.5430145263672,219.0865478515625,0.6667018532752991
267,171.54574584960938,192.57818603515625,189.76095581054688,218.71304321289062,0.5514765381813049
268,172.677734375,192.2232208251953,191.49102783203125,216.9544219970703,0.5282403826713562
269,173.93844604492188,192.36270141601562,191.81259155273438,217.13192749023438,0.4370622932910919
270,175.75221252441406,191.58309936523438,195.60972595214844,216.51815795898438,0.44836705923080444
271,176.46221923828125,191.1895751953125,197.07220458984375,216.51080322265625,0.5855165719985962
271,543.0694580078125,368.7122497558594,554.8377685546875,379.7535705566406,0.03402998670935631
272,177.42376708984375,191.13821411132812,194.93121337890625,216.03250122070312,0.15297701954841614
273,178.925048828125,189.8934326171875,198.16961669921875,214.81094360351562,0.5834935307502747
274,179.66754150390625,189.79281616210938,198.30023193359375,214.33804321289062,0.39736849069595337
275,180.30760192871094,189.50531005859375,198.7191619873047,213.303955078125,0.49915647506713867
276,181.0262451171875,190.01510620117188,198.80218505859375,212.53591918945312,0.6207916736602783
277,182.96963500976562,187.31243896484375,200.17031860351562,212.50802612304688,0.44220417737960815
278,184.6519317626953,186.43829345703125,202.4230499267578,212.162109375,0.7049058079719543
279,185.44149780273438,186.38909912109375,202.65927124023438,211.116455078125,0.7278502583503723
280,186.31060791015625,186.1251983642578,203.37582397460938,211.21546936035156,0.7665481567382812
281,187.32594299316406,186.2096405029297,204.6621856689453,210.2439727783203,0.7814565896987915
282,187.40072631835938,186.09710693359375,204.76309204101562,209.9649658203125,0.7334072589874268
283,188.62881469726562,184.44236755371094,206.7454833984375,209.25852966308594,0.6585901379585266
284,189.07186889648438,184.2421875,206.62850952148438,208.468994140625,0.5371861457824707
285,190.40829467773438,182.96469116210938,208.00015258789062,207.48458862304688,0.45527926087379456
285,590.6424560546875,235.5653076171875,609.376708984375,258.01873779296875,0.024298828095197678
286,190.67120361328125,182.68008422851562,208.14990234375,207.84909057617188,0.37452346086502075
286,591.257568359375,236.02554321289062,609.827880859375,258.1229248046875,0.01864081248641014
287,191.60382080078125,181.68838500976562,208.907958984375,206.13070678710938,0.4052172303199768
288,191.8453826904297,181.13821411132812,209.3788604736328,206.08547973632812,0.5459622740745544
289,192.38638305664062,180.53497314453125,210.20352172851562,205.38134765625,0.5420168042182922
290,192.68978881835938,180.25466918945312,210.76058959960938,205.20565795898438,0.6143490076065063
290,591.9434814453125,236.89385986328125,610.4320068359375,258.2710876464844,0.012215109542012215
291,194.55494689941406,179.36880493164062,212.18785095214844,203.64749145507812,0.6769465804100037
292,194.82406616210938,179.0026092529297,212.47293090820312,203.4981231689453,0.682759702205658
293,194.74636840820312,179.22091674804688,212.51712036132812,203.46102905273438,0.6709954738616943
294,194.73309326171875,179.31991577148438,211.95999145507812,202.93240356445312,0.6265720725059509
295,195.09735107421875,178.66082763671875,212.56817626953125,202.67138671875,0.6467487215995789
296,195.30702209472656,178.451904296875,212.6634979248047,202.62249755859375,0.5776389241218567
297,195.78338623046875,177.76010131835938,212.0992431640625,200.30294799804688,0.5527598857879639
298,196.30035400390625,177.43978881835938,212.34698486328125,200.29025268554688,0.540781557559967
299,196.238037109375,177.1644287109375,210.3336181640625,199.60101318359375,0.14979632198810577
300,196.1690216064453,176.71939086914062,209.01719665527344,199.1419677734375,0.02840844728052616
301,196.97738647460938,176.5208740234375,214.7225341796875,199.53424072265625,0.48103561997413635
301,595.4944458007812,243.49737548828125,611.4649047851562,268.172119140625,0.022217119112610817
302,196.76190185546875,176.44345092773438,214.83621215820312,199.23928833007812,0.2803499102592468
302,595.3856201171875,243.42214965820312,611.5460205078125,268.0419921875,0.014587128534913063
303,197.31857299804688,175.57244873046875,214.86807250976562,198.3050537109375,0.32407379150390625
303,595.1219482421875,244.3728485107422,611.550537109375,268.20123291015625,0.023752721026539803
304,197.77957153320312,174.88690185546875,215.31570434570312,197.5770263671875,0.4294896423816681
305,198.13902282714844,173.93942260742188,215.03294372558594,197.61532592773438,0.17134110629558563
305,201.9381103515625,395.2228088378906,211.8436279296875,407.9555969238281,0.010208331979811192
306,198.33102416992188,172.8577423095703,215.42971801757812,196.6318817138672,0.2952529191970825
307,198.15878295898438,172.44992065429688,214.84854125976562,196.21926879882812,0.25949105620384216
308,198.3169403076172,172.40225219726562,215.26966857910156,196.378173828125,0.31382399797439575
309,198.096923828125,172.06723022460938,215.6771240234375,196.31838989257812,0.34355267882347107
310,198.138916015625,172.4696044921875,215.20675659179688,196.37982177734375,0.35963985323905945
311,196.95431518554688,171.71046447753906,215.00045776367188,196.1161651611328,0.49904921650886536
312,196.56350708007812,171.30313110351562,214.66421508789062,195.89920043945312,0.5433908700942993
313,196.0327606201172,171.45623779296875,215.0395965576172,195.99920654296875,0.5865813493728638
314,195.1449737548828,171.5193634033203,214.6252899169922,195.88417053222656,0.5731858611106873
315,194.72824096679688,171.0696563720703,214.03567504882812,195.88560485839844,0.4198009967803955
316,193.8759765625,171.18359375,212.63134765625,195.543701171875,0.598028302192688
317,193.3192138671875,171.23634338378906,212.10455322265625,195.52317810058594,0.6608079671859741
318,192.3272705078125,170.89865112304688,210.564453125,195.99935913085938,0.6256647109985352
319,191.67999267578125,171.08450317382812,209.7376708984375,195.97616577148438,0.5592659711837769
319,591.3223876953125,245.38330078125,607.9200439453125,268.535400390625,0.04208553954958916
320,191.2409210205078,172.4603729248047,208.86683654785156,196.7705535888672,0.5017273426055908
321,190.59085083007812,174.65383911132812,209.20010375976562,196.46218872070312,0.6629750728607178
322,189.60980224609375,174.56753540039062,208.283447265625,196.36441040039062,0.7122834324836731
322,235.6533203125,119.78565979003906,256.0116271972656,132.20054626464844,0.016056260094046593
323,189.06524658203125,174.66830444335938,207.9842529296875,196.90615844726562,0.6681492328643799
323,235.0257568359375,119.77822875976562,256.48046875,132.2784423828125,0.01329859159886837
324,188.4969024658203,174.8711700439453,207.17320251464844,197.06886291503906,0.6185224652290344
324,233.90362548828125,119.73942565917969,255.44525146484375,132.88023376464844,0.011013861745595932
325,187.63739013671875,174.89231872558594,206.00344848632812,197.12416076660156,0.5542929768562317
326,187.52476501464844,174.86273193359375,204.7560577392578,197.26544189453125,0.3058777153491974
327,185.7015380859375,173.3528289794922,204.62298583984375,197.9851837158203,0.39111360907554626
328,185.09518432617188,174.44515991210938,203.42257690429688,198.28213500976562,0.1028900220990181
329,183.390625,172.47763061523438,202.04022216796875,198.42361450195312,0.023016957566142082
330,182.49810791015625,171.69302368164062,202.03536987304688,198.32455444335938,0.01538030244410038
331,181.72616577148438,171.70089721679688,199.72341918945312,198.0828857421875,0.03879023343324661
332,181.69979858398438,174.0262451171875,199.29812622070312,197.33843994140625,0.022544531151652336
333,181.0064697265625,175.28854370117188,199.25912475585938,197.83395385742188,0.0728260949254036
333,851.7550048828125,535.8909912109375,865.3765869140625,547.8914794921875,0.017484555020928383
334,179.93235778808594,174.869873046875,198.1356658935547,198.63735961914062,0.09472078830003738
334,851.7042236328125,535.87548828125,865.3502197265625,547.8388671875,0.011754223145544529
335,178.87582397460938,174.56947326660156,197.64801025390625,198.15760803222656,0.08580876141786575
335,851.2986450195312,535.8885498046875,865.3999633789062,547.9686279296875,0.012088540010154247
336,178.7813720703125,174.61705017089844,197.813720703125,198.89125061035156,0.11658419668674469
336,851.626220703125,535.8836669921875,865.336181640625,548.0113525390625,0.01092471368610859
337,178.57315063476562,174.63671875,197.21115112304688,199.27005004882812,0.06959804892539978
337,851.67724609375,535.9049072265625,865.346435546875,548.1668701171875,0.0178383681923151
338,347.2594299316406,391.34136962890625,366.8359069824219,401.7003173828125,0.01695067062973976
338,178.00631713867188,174.97943115234375,198.71282958984375,199.66867065429688,0.015559139661490917
338,851.5152587890625,535.9058227539062,865.4320068359375,548.2777709960938,0.012779192999005318
339,177.86825561523438,174.83425903320312,197.23416137695312,199.83218383789062,0.09738452732563019
339,851.7159423828125,535.9135131835938,865.51806640625,548.0695190429688,0.014570235274732113
339,347.9179382324219,391.361083984375,366.9039611816406,401.866455078125,0.011435635387897491
340,177.68191528320312,174.94720458984375,196.04885864257812,199.9573974609375,0.07105078548192978
341,175.92645263671875,174.46835327148438,195.4949951171875,200.89730834960938,0.49412745237350464
342,175.79962158203125,174.61126708984375,195.273193359375,200.77023315429688,0.43733909726142883
343,175.47891235351562,175.55210876464844,195.72586059570312,201.14833068847656,0.3930327892303467
344,176.02383422851562,177.88037109375,195.04525756835938,202.1973876953125,0.6562267541885376
345,176.0179443359375,177.7235107421875,194.62289428710938,202.4326171875,0.609054446220398
346,174.94955444335938,177.87759399414062,195.10595703125,202.72927856445312,0.5817166566848755
347,176.8382568359375,179.67337036132812,193.8358154296875,202.34869384765625,0.5967376828193665
348,175.66534423828125,180.78878784179688,193.6412353515625,203.20083618164062,0.6148926615715027
349,175.554931640625,180.97776794433594,193.11138916015625,204.0087127685547,0.6525672078132629
350,175.11651611328125,181.04791259765625,192.96563720703125,204.004150390625,0.6204708218574524
351,174.99267578125,181.43350219726562,193.51116943359375,203.75152587890625,0.5252730846405029
352,174.9366455078125,181.47488403320312,193.35137939453125,203.67813110351562,0.5331256985664368
353,174.48675537109375,182.12716674804688,192.27297973632812,204.57247924804688,0.3877025544643402
354,174.83514404296875,182.79000854492188,192.29302978515625,205.99874877929688,0.40524816513061523
355,174.58180236816406,182.7945556640625,191.8168182373047,206.0347900390625,0.1742725819349289
355,535.5665283203125,373.19158935546875,546.8477783203125,382.85784912109375,0.023209180682897568
356,174.37075805664062,183.24009704589844,191.49407958984375,206.11708068847656,0.18186768889427185
356,535.7991943359375,373.63232421875,547.4844970703125,384.07244873046875,0.042312514036893845
356,800.62158203125,437.25909423828125,816.34912109375,450.06463623046875,0.010390982031822205
356,851.7462158203125,535.9246826171875,865.9984130859375,547.79052734375,0.010129870846867561
357,174.10580444335938,183.03402709960938,191.5291748046875,206.06973266601562,0.23602379858493805
357,535.3914184570312,372.31610107421875,546.5538940429688,383.20245361328125,0.02259053848683834
358,173.8368682861328,183.1094970703125,191.61036682128906,206.05615234375,0.227060928940773
358,535.2451171875,372.4107666015625,546.4935302734375,383.3648681640625,0.0342523455619812
358,800.637451171875,437.13671875,816.29052734375,449.683349609375,0.018211040645837784
359,174.3518524169922,184.07415771484375,191.66111755371094,206.32891845703125,0.33112257719039917
359,800.714111328125,437.4562683105469,816.5087890625,449.5545959472656,0.02641839161515236
359,535.750732421875,372.241455078125,546.772705078125,382.98492431640625,0.013910454697906971
360,174.27391052246094,183.89788818359375,191.6343231201172,206.6390380859375,0.37772995233535767
360,535.666015625,372.2137451171875,546.62939453125,382.5584716796875,0.026698431000113487
360,800.7146606445312,436.82135009765625,817.9481811523438,448.95867919921875,0.010824359022080898
361,172.8032989501953,184.48342895507812,190.7034149169922,206.44338989257812,0.21261173486709595
362,173.24942016601562,184.58673095703125,190.82028198242188,206.73907470703125,0.16907107830047607
363,172.7195587158203,184.702880859375,190.7643280029297,206.97833251953125,0.0691203847527504
364,172.80609130859375,184.81427001953125,190.875244140625,207.64511108398438,0.03593941405415535
365,173.1038818359375,184.989990234375,191.32687377929688,208.20086669921875,0.1505425125360489
366,173.31317138671875,184.6938018798828,191.14288330078125,207.8938751220703,0.19082583487033844
367,173.3513946533203,184.3956298828125,190.9469757080078,206.75225830078125,0.09105867892503738
368,173.0032958984375,184.4949951171875,190.90133666992188,207.1551513671875,0.16478385031223297
369,173.7082061767578,184.57814025878906,190.94447326660156,207.11573791503906,0.2702391445636749
370,174.46229553222656,184.64614868164062,192.13670349121094,207.26284790039062,0.21815915405750275
371,855.1829833984375,535.8759155273438,869.4874267578125,548.2863159179688,0.02546025440096855
371,853.9066162109375,536.8555297851562,869.426025390625,552.0299682617188,0.020214859396219254
372,854.00830078125,537.0750732421875,870.083984375,552.0306396484375,0.026600096374750137
372,855.3837890625,535.89306640625,870.1483154296875,548.546875,0.013491776771843433
374,174.13134765625,184.37985229492188,194.0802001953125,206.59835815429688,0.020273705944418907
375,175.6432342529297,184.01437377929688,196.3504180908203,206.14938354492188,0.23860621452331543
376,174.99647521972656,183.30535888671875,198.3776092529297,205.04443359375,0.11586874723434448
377,176.71783447265625,182.54727172851562,197.909423828125,204.41641235351562,0.3277382552623749
377,538.6019287109375,375.6083068847656,552.0045166015625,384.7532043457031,0.01391356810927391
378,178.42190551757812,181.5355224609375,198.76702880859375,204.38641357421875,0.43878883123397827
378,539.138671875,375.6522216796875,552.020751953125,385.092041015625,0.03370571509003639
379,179.76202392578125,181.00921630859375,199.48065185546875,203.83462524414062,0.3428911864757538
380,178.95993041992188,180.65792846679688,199.68911743164062,203.21658325195312,0.19581370055675507
381,178.86978149414062,179.62564086914062,202.03787231445312,203.07382202148438,0.23592384159564972
381,865.086181640625,537.5782470703125,877.86572265625,552.0399169921875,0.023768018931150436
382,180.92543029785156,179.56658935546875,202.58534240722656,202.01315307617188,0.11709941923618317
383,183.62741088867188,180.38409423828125,203.95639038085938,202.04248046875,0.3854091167449951
384,183.59219360351562,180.08566284179688,204.143798828125,202.02963256835938,0.4473014771938324
385,184.06224060058594,179.74169921875,204.67405700683594,202.39324951171875,0.4153892397880554
386,184.25564575195312,179.54263305664062,205.27224731445312,202.10086059570312,0.21996121108531952
387,184.75054931640625,179.57217407226562,205.73272705078125,202.04440307617188,0.24367021024227142
388,184.9085693359375,179.44998168945312,205.76080322265625,201.75497436523438,0.27583950757980347
389,184.7465057373047,179.70388793945312,205.67848205566406,202.28506469726562,0.1237143948674202
390,185.0623016357422,179.8500213623047,206.1589813232422,202.03871154785156,0.03220391273498535
393,187.08665466308594,181.06494140625,205.44630432128906,203.352783203125,0.016177169978618622
395,186.93643188476562,182.11380004882812,205.70327758789062,203.70559692382812,0.05144277587532997
396,187.28314208984375,182.15786743164062,205.90414428710938,204.78372192382812,0.31396839022636414
397,186.88900756835938,182.3316650390625,205.52926635742188,204.99801635742188,0.2885589897632599
398,187.13027954101562,182.6200714111328,205.48599243164062,204.94581604003906,0.2026858925819397
399,185.94580078125,182.70950317382812,203.87054443359375,205.32498168945312,0.2625427842140198
400,185.917236328125,183.05032348632812,203.22442626953125,205.53317260742188,0.1094287782907486
401,186.0831298828125,183.04855346679688,204.21234130859375,205.37521362304688,0.454111248254776
402,185.61476135253906,183.05419921875,203.8666229248047,205.38177490234375,0.39361637830734253
403,185.60317993164062,183.11752319335938,202.93063354492188,205.65167236328125,0.31934842467308044
403,1129.0888671875,263.421142578125,1145.738525390625,279.565673828125,0.027447635307908058
404,184.96575927734375,183.63674926757812,203.35498046875,205.52481079101562,0.11467166244983673
404,1128.759765625,263.5131530761719,1145.57421875,279.8129577636719,0.018948880955576897
405,184.85592651367188,183.72409057617188,203.63485717773438,205.72518920898438,0.26947399973869324
405,1128.896484375,262.83782958984375,1145.71240234375,279.76898193359375,0.011694672517478466
406,184.47647094726562,184.15199279785156,203.79647827148438,206.4951629638672,0.22266967594623566
406,183.22445678710938,184.4796142578125,203.55856323242188,236.6826171875,0.062310557812452316
406,1129.444091796875,262.1353759765625,1145.799560546875,279.4639892578125,0.010170560330152512
407,184.29171752929688,184.51809692382812,202.4814453125,207.03329467773438,0.273347407579422
407,182.92703247070312,184.89437866210938,202.74691772460938,236.34536743164062,0.05860571935772896
407,1129.903076171875,261.91925048828125,1145.949951171875,279.12139892578125,0.012491811998188496
408,184.305908203125,184.56747436523438,202.976318359375,207.79507446289062,0.33614054322242737
408,183.16116333007812,184.8895263671875,203.21426391601562,236.82684326171875,0.12978492677211761
409,184.344970703125,184.90338134765625,202.0174560546875,208.16070556640625,0.4684803783893585
410,184.20822143554688,185.12405395507812,201.75601196289062,208.21701049804688,0.40905696153640747
411,184.09597778320312,185.1640625,201.35159301757812,208.84747314453125,0.22917887568473816
411,809.46337890625,429.91290283203125,829.72998046875,440.45050048828125,0.018123630434274673
412,183.52130126953125,186.23245239257812,201.25265502929688,209.57373046875,0.16945868730545044
412,810.052734375,429.0777587890625,829.5078125,440.05621337890625,0.06021863594651222
413,183.255126953125,187.2877197265625,201.5106201171875,210.54998779296875,0.16546665132045746
413,809.1908569335938,428.58428955078125,828.9927368164062,440.05548095703125,0.04091158136725426
414,183.177490234375,187.53103637695312,201.68310546875,210.9910888671875,0.135928675532341
414,809.0645141601562,428.60968017578125,829.1028442382812,440.05926513671875,0.03879709914326668
415,183.1810302734375,187.52481079101562,201.7138671875,210.86373901367188,0.14773009717464447
415,809.5362548828125,429.10980224609375,829.2025146484375,440.11749267578125,0.08054357767105103
416,183.1731414794922,187.51226806640625,201.7245635986328,210.89239501953125,0.16296647489070892
416,809.3086547851562,429.20965576171875,829.4484252929688,440.19403076171875,0.028029531240463257
417,183.01205444335938,187.53936767578125,201.75595092773438,211.23077392578125,0.19230586290359497
417,810.643798828125,428.5730895996094,829.406494140625,440.1221008300781,0.04287652671337128
418,182.3468017578125,188.41744995117188,201.5194091796875,211.88967895507812,0.10097017884254456
419,182.1568603515625,188.13186645507812,201.5914306640625,211.24075317382812,0.11636309325695038
420,182.18350219726562,188.12738037109375,201.60238647460938,211.18380737304688,0.11127543449401855
421,552.05322265625,364.53094482421875,562.453857421875,376.0765380859375,0.05960654094815254
422,552.2152709960938,364.724365234375,562.5742797851562,376.8427734375,0.028639519587159157
423,552.2991943359375,364.65185546875,562.67529296875,376.79669189453125,0.025625448673963547
424,552.3140869140625,364.52850341796875,562.9246826171875,376.8223876953125,0.026021257042884827
425,552.387451171875,364.4591064453125,563.01513671875,376.52557373046875,0.04778782278299332
426,183.57382202148438,189.26235961914062,202.68380737304688,240.88284301757812,0.03707863390445709
426,770.7954711914062,267.1317138671875,789.7553100585938,282.7294921875,0.02769968844950199
426,552.2899169921875,364.40869140625,563.4935302734375,377.18310546875,0.011135263368487358
427,768.9967041015625,274.3086242675781,786.2794189453125,288.7989807128906,0.06313591450452805
427,552.4154052734375,364.82293701171875,562.9373779296875,376.03509521484375,0.06097817048430443
428,552.68798828125,365.08367919921875,562.579345703125,376.89569091796875,0.05399211496114731
428,184.64108276367188,189.90896606445312,203.12069702148438,240.38558959960938,0.012395062483847141
429,184.6373291015625,189.49063110351562,203.5589599609375,240.81790161132812,0.03484851494431496
430,186.1072998046875,189.6152801513672,205.50897216796875,233.21519470214844,0.10963533073663712
431,187.26715087890625,188.55203247070312,206.1905517578125,212.35079956054688,0.36290669441223145
431,551.9163818359375,368.58270263671875,562.3099365234375,379.20904541015625,0.017751649022102356
431,854.3203125,534.6400146484375,863.631591796875,546.8822021484375,0.016041170805692673
432,187.5560302734375,188.86404418945312,206.51217651367188,212.52520751953125,0.29192864894866943
432,551.845703125,369.94927978515625,562.15771484375,380.36590576171875,0.10046961158514023
432,854.7100830078125,535.3186645507812,864.9801025390625,547.5853881835938,0.014622573740780354
433,187.9902801513672,188.8892822265625,207.13719177246094,212.744140625,0.11998620629310608
433,551.9063720703125,370.93560791015625,562.5577392578125,380.72039794921875,0.06263032555580139
433,854.8394775390625,535.718505859375,865.4376220703125,547.401611328125,0.034946978092193604
434,188.20843505859375,188.97457885742188,207.71212768554688,212.60360717773438,0.08004981279373169
434,551.885009765625,370.7931213378906,562.423583984375,380.6189270019531,0.04641871526837349
434,855.2659912109375,535.65576171875,866.768798828125,548.2069091796875,0.028263034299016
435,855.7128295898438,535.6909790039062,867.4358520507812,548.4083862304688,0.054789360612630844
436,855.9500732421875,535.5840454101562,868.3499755859375,548.3610229492188,0.014847737736999989
439,190.8314971923828,187.58819580078125,210.3826446533203,210.43603515625,0.011046256870031357
440,551.992431640625,374.7787780761719,564.737548828125,383.5492248535156,0.016572384163737297
440,553.8331298828125,374.738037109375,568.0035400390625,383.5244140625,0.014192965812981129
440,587.8890380859375,225.73980712890625,605.147705078125,253.1019287109375,0.01037061307579279
441,192.05419921875,187.04727172851562,211.11380004882812,221.96273803710938,0.10495009273290634
441,191.4549560546875,187.39559936523438,210.85797119140625,239.05575561523438,0.029039060696959496
442,192.185791015625,186.99945068359375,211.4481201171875,226.12249755859375,0.13092713057994843
442,191.31825256347656,188.54379272460938,210.6897430419922,238.96307373046875,0.014140576124191284
443,192.17510986328125,187.026611328125,211.36407470703125,229.20758056640625,0.1338236927986145
443,1043.269287109375,327.10015869140625,1062.007080078125,344.05279541015625,0.016698719933629036
444,192.47970581054688,187.01361083984375,211.56765747070312,225.63848876953125,0.11993394792079926
444,191.52444458007812,188.44683837890625,210.92489624023438,238.66802978515625,0.014494361355900764
445,192.53256225585938,187.43017578125,212.21176147460938,238.0574951171875,0.15454202890396118
445,588.5478515625,227.71710205078125,606.6058349609375,253.41009521484375,0.013819466345012188
446,192.71908569335938,188.0652313232422,212.37460327148438,235.48170471191406,0.17457306385040283
446,588.3623657226562,227.78494262695312,606.9813842773438,253.62380981445312,0.029795506969094276
447,192.75729370117188,188.45089721679688,212.63296508789062,236.15579223632812,0.15654945373535156
447,588.1666259765625,227.94207763671875,606.4342041015625,253.7274169921875,0.03225036337971687
448,192.80499267578125,188.45217895507812,212.6739501953125,237.03863525390625,0.14978066086769104
448,588.3853149414062,227.6239471435547,607.3417358398438,253.65892028808594,0.03041241317987442
449,192.98089599609375,187.43885803222656,213.13848876953125,238.11399841308594,0.2974095642566681
449,589.1653442382812,228.63824462890625,607.7673950195312,254.3663330078125,0.08536851406097412
450,193.18035888671875,187.42868041992188,213.2144775390625,238.25241088867188,0.3186269700527191
450,589.281982421875,229.45623779296875,607.465576171875,254.7359619140625,0.081557996571064
451,589.6934814453125,230.05886840820312,608.1702880859375,255.62503051757812,0.18125861883163452
452,589.3966064453125,230.53164672851562,608.6339111328125,254.58642578125,0.06478660553693771
452,194.96926879882812,188.7021484375,212.88223266601562,210.92138671875,0.04624209925532341
453,194.91839599609375,188.9419708251953,212.97802734375,211.1799774169922,0.11485899239778519
453,589.324462890625,230.5151824951172,608.3544921875,254.52635192871094,0.04714644327759743
453,196.73324584960938,191.17984008789062,216.06460571289062,214.3953857421875,0.014926654286682606
454,194.34979248046875,189.13424682617188,212.34649658203125,211.44442749023438,0.14698275923728943
454,589.2481079101562,230.2555694580078,608.8075561523438,254.0729217529297,0.04342953860759735
454,196.25701904296875,191.36978149414062,215.53857421875,213.95401000976562,0.014764666557312012
455,194.10092163085938,188.58914184570312,212.61239624023438,211.28616333007812,0.1609748750925064
455,587.7089233398438,229.4085235595703,607.9274291992188,252.2169647216797,0.03381096199154854
456,193.41343688964844,188.50473022460938,211.97740173339844,211.66915893554688,0.08868793398141861
456,587.3077392578125,229.04214477539062,606.9124755859375,255.3243408203125,0.06955291330814362
456,195.63414001464844,191.20465087890625,215.16114807128906,213.80047607421875,0.010140104219317436
457,192.87750244140625,188.61570739746094,211.4207763671875,211.31727600097656,0.03270111605525017
457,587.207763671875,229.16659545898438,606.997802734375,255.39483642578125,0.028180351480841637
458,192.77471923828125,188.51568603515625,211.82998657226562,211.84051513671875,0.03351924940943718
458,587.2071533203125,228.99380493164062,606.8839111328125,255.11257934570312,0.019874224439263344
459,191.15011596679688,189.40695190429688,210.95285034179688,212.66500854492188,0.013581465929746628
459,193.44155883789062,191.1361083984375,213.03982543945312,216.91387939453125,0.01270837802439928
