1,3.0,200.40,167.65,31.99,12.96,1,1,1
1,2.0,199.21,167.93,33.72,69.86,1,1,1
1,1.0,143.45,238.80,15.58,21.00,1,1,1
2,3.0,199.73,166.76,32.42,28.12,1,1,1
2,2.0,198.20,166.88,34.52,78.94,1,1,1
2,1.0,143.88,238.11,15.63,20.97,1,1,1
3,4.0,309.87,84.43,26.83,13.25,1,1,1
3,3.0,200.09,165.98,32.61,24.24,1,1,1
3,2.0,198.71,166.28,34.85,78.64,1,1,1
3,1.0,145.34,236.56,14.81,20.65,1,1,1
4,4.0,309.08,83.99,27.56,13.73,1,1,1
4,3.0,199.87,165.85,32.72,44.92,1,1,1
4,2.0,198.33,166.12,34.91,78.22,1,1,1
4,1.0,145.59,236.47,14.66,20.72,1,1,1
5,4.0,200.99,165.48,32.11,55.67,1,1,1
5,3.0,201.21,165.43,31.52,26.39,1,1,1
5,2.0,199.91,165.77,33.67,78.21,1,1,1
5,1.0,146.66,236.12,14.45,20.91,1,1,1
6,4.0,200.63,164.08,34.36,55.72,1,1,1
6,3.0,200.86,164.36,33.35,24.44,1,1,1
6,2.0,198.86,164.85,36.41,78.73,1,1,1
6,1.0,147.94,235.07,14.88,21.52,1,1,1
7,4.0,203.70,163.72,30.60,14.39,1,1,1
7,3.0,203.20,163.46,31.78,30.96,1,1,1
7,2.0,201.93,164.45,33.90,77.87,1,1,1
7,1.0,148.47,235.20,14.92,21.49,1,1,1
8,4.0,203.51,163.77,31.29,15.59,1,1,1
8,3.0,203.01,163.61,32.35,40.37,1,1,1
8,2.0,201.63,164.47,34.47,77.23,1,1,1
8,1.0,149.65,235.25,13.76,21.10,1,1,1
9,4.0,203.81,163.73,30.81,15.68,1,1,1
9,3.0,203.34,163.60,31.80,37.99,1,1,1
9,2.0,202.01,164.40,33.91,77.43,1,1,1
9,1.0,150.31,235.67,13.54,20.85,1,1,1
10,3.0,203.42,163.60,32.10,22.56,1,1,1
10,2.0,201.70,164.14,35.06,77.37,1,1,1
10,1.0,150.07,234.30,17.52,22.41,1,1,1
11,4.0,151.05,230.79,18.04,24.89,1,1,1
11,3.0,202.33,161.17,39.78,27.32,1,1,1
11,2.0,309.32,80.79,27.12,14.38,1,1,1
11,1.0,150.66,231.51,13.00,24.48,1,1,1
12,3.0,202.84,160.76,39.10,25.03,1,1,1
12,2.0,308.81,80.08,27.52,14.14,1,1,1
12,1.0,150.82,231.04,14.25,24.87,1,1,1
13,3.0,203.61,160.17,37.19,22.31,1,1,1
13,2.0,308.99,79.61,27.34,13.88,1,1,1
13,1.0,151.18,230.65,18.08,23.39,1,1,1
14,4.0,204.18,160.20,35.48,17.63,1,1,1
14,3.0,203.85,159.70,38.60,26.39,1,1,1
14,2.0,309.47,78.60,26.83,13.85,1,1,1
14,1.0,150.94,230.53,15.06,22.97,1,1,1
15,3.0,204.29,159.60,37.08,22.30,1,1,1
15,2.0,309.78,77.49,26.62,14.50,1,1,1
16,4.0,204.05,158.52,33.06,17.27,1,1,1
16,3.0,203.74,157.84,38.16,22.25,1,1,1
16,2.0,309.15,76.43,27.60,14.53,1,1,1
17,4.0,204.06,158.64,34.26,17.15,1,1,1
17,3.0,203.82,158.07,38.98,21.87,1,1,1
17,2.0,309.08,75.87,27.54,14.27,1,1,1
18,3.0,204.63,156.81,34.93,21.24,1,1,1
18,1.0,153.46,227.34,16.26,23.97,1,1,1
19,3.0,204.75,156.47,33.53,20.08,1,1,1
19,1.0,153.24,228.56,15.12,22.84,1,1,1
20,3.0,205.01,156.21,37.76,22.82,1,1,1
20,1.0,154.52,228.77,14.52,22.60,1,1,1
21,3.0,205.15,156.79,42.79,27.92,1,1,1
21,1.0,155.73,229.56,15.32,22.47,1,1,1
22,3.0,205.31,156.80,42.62,29.26,1,1,1
22,1.0,155.74,229.68,15.56,23.10,1,1,1
24,3.0,205.20,157.43,42.35,29.08,1,1,1
24,1.0,154.94,228.90,17.57,14.94,1,1,1
25,3.0,205.51,157.07,40.51,26.46,1,1,1
25,1.0,154.49,228.70,17.78,15.25,1,1,1
26,3.0,206.58,156.87,39.47,26.40,1,1,1
26,1.0,157.88,229.53,15.30,23.28,1,1,1
27,3.0,206.91,156.93,37.78,23.36,1,1,1
27,1.0,157.83,229.72,14.88,23.10,1,1,1
28,3.0,206.95,156.88,35.82,22.48,1,1,1
28,1.0,158.13,229.75,15.64,23.05,1,1,1
29,3.0,206.87,156.96,36.81,23.45,1,1,1
29,1.0,158.17,229.62,15.51,23.19,1,1,1
30,3.0,206.92,156.25,34.52,22.90,1,1,1
30,1.0,158.31,227.45,15.86,14.89,1,1,1
31,1.0,160.15,228.15,16.22,22.71,1,1,1
32,4.0,207.74,150.63,29.19,15.49,1,1,1
32,3.0,206.88,153.64,29.85,15.94,1,1,1
32,1.0,159.32,228.38,16.43,22.11,1,1,1
33,4.0,207.65,150.85,29.39,14.86,1,1,1
33,3.0,206.71,153.26,30.53,16.49,1,1,1
33,1.0,159.98,227.45,16.62,23.02,1,1,1
34,4.0,207.60,151.32,29.26,14.70,1,1,1
34,1.0,160.53,226.18,16.56,21.84,1,1,1
35,4.0,207.80,150.87,29.04,14.40,1,1,1
35,1.0,160.82,226.08,16.97,21.96,1,1,1
36,4.0,208.17,150.70,28.44,14.04,1,1,1
36,1.0,161.60,224.69,16.42,22.40,1,1,1
37,4.0,207.99,150.52,29.74,13.88,1,1,1
37,3.0,207.87,150.52,30.47,24.68,1,1,1
37,2.0,205.96,150.53,33.48,72.66,1,1,1
37,1.0,162.23,224.66,16.09,22.24,1,1,1
38,4.0,207.52,149.94,29.95,18.16,1,1,1
38,3.0,207.36,150.01,30.73,45.92,1,1,1
38,2.0,205.72,150.22,33.73,72.54,1,1,1
38,1.0,162.42,224.58,15.71,22.17,1,1,1
39,4.0,208.78,149.88,29.29,16.13,1,1,1
39,3.0,208.77,149.98,29.98,36.06,1,1,1
39,2.0,207.09,150.18,33.24,72.40,1,1,1
39,1.0,163.07,223.66,16.07,22.53,1,1,1
40,4.0,209.04,149.85,28.79,14.90,1,1,1
40,3.0,209.04,149.95,29.45,28.61,1,1,1
40,2.0,207.30,150.15,32.92,72.30,1,1,1
40,1.0,163.70,224.40,15.54,22.46,1,1,1
41,4.0,209.67,150.30,28.06,15.14,1,1,1
41,3.0,209.74,150.38,28.64,31.53,1,1,1
41,2.0,207.97,150.44,32.03,71.70,1,1,1
41,1.0,164.72,224.18,15.02,21.82,1,1,1
42,4.0,209.67,150.30,28.07,15.15,1,1,1
42,3.0,209.73,150.38,28.65,31.50,1,1,1
42,2.0,207.97,150.44,32.04,71.71,1,1,1
42,1.0,164.77,224.19,14.99,22.12,1,1,1
43,4.0,209.73,150.32,28.07,14.81,1,1,1
43,3.0,209.79,150.41,28.59,28.38,1,1,1
43,2.0,208.05,150.46,31.94,71.72,1,1,1
43,1.0,165.38,223.80,14.46,22.50,1,1,1
44,4.0,209.72,150.28,28.19,15.37,1,1,1
44,3.0,209.80,150.37,28.73,32.11,1,1,1
44,2.0,208.05,150.43,31.97,71.76,1,1,1
44,1.0,165.38,223.88,14.56,22.49,1,1,1
45,4.0,209.82,149.98,27.52,15.18,1,1,1
45,3.0,209.86,150.10,28.02,28.35,1,1,1
45,2.0,208.12,150.26,31.27,72.14,1,1,1
45,1.0,166.02,223.37,14.16,22.14,1,1,1
46,4.0,209.92,149.86,27.46,13.59,1,1,1
46,3.0,209.99,149.99,27.90,24.30,1,1,1
46,2.0,208.10,150.20,31.35,72.32,1,1,1
46,1.0,166.01,223.58,14.35,21.95,1,1,1
47,4.0,210.00,149.94,27.29,13.30,1,1,1
47,3.0,210.08,150.07,27.66,21.83,1,1,1
47,2.0,208.19,150.25,31.02,72.16,1,1,1
47,1.0,166.17,223.43,14.59,22.23,1,1,1
48,4.0,210.06,150.00,27.16,13.15,1,1,1
48,3.0,210.11,150.12,27.48,19.15,1,1,1
48,2.0,208.31,150.28,30.72,71.89,1,1,1
48,1.0,166.19,223.39,14.60,22.41,1,1,1
49,4.0,210.03,150.10,27.49,13.29,1,1,1
49,3.0,210.09,150.19,27.90,20.88,1,1,1
49,2.0,208.30,150.34,31.18,72.08,1,1,1
49,1.0,166.84,224.02,15.16,22.10,1,1,1
50,4.0,209.59,149.82,27.40,13.65,1,1,1
50,3.0,209.59,149.91,27.79,21.87,1,1,1
50,2.0,207.85,150.16,31.12,72.25,1,1,1
50,1.0,166.82,224.05,15.23,22.10,1,1,1
51,4.0,209.05,150.86,24.24,13.06,1,1,1
51,3.0,208.49,150.74,25.38,18.89,1,1,1
51,2.0,207.53,150.73,26.67,26.67,1,1,1
51,1.0,166.48,223.72,14.62,22.40,1,1,1
52,4.0,208.96,150.09,24.95,13.37,1,1,1
52,3.0,207.63,150.20,27.08,23.83,1,1,1
52,1.0,167.03,224.49,15.10,21.88,1,1,1
53,4.0,208.30,149.82,26.38,12.98,1,1,1
53,3.0,208.02,149.89,27.16,22.27,1,1,1
53,2.0,206.36,150.10,29.75,73.23,1,1,1
53,1.0,166.41,223.80,14.40,22.45,1,1,1
54,4.0,207.78,149.82,27.59,16.06,1,1,1
54,3.0,207.52,149.87,29.28,44.86,1,1,1
54,2.0,205.90,150.06,31.61,72.98,1,1,1
54,1.0,166.30,223.62,14.39,22.71,1,1,1
55,6.0,572.29,195.55,20.93,25.54,1,1,1
55,4.0,207.47,149.80,28.06,16.26,1,1,1
55,3.0,207.20,149.87,30.04,49.03,1,1,1
55,2.0,205.63,150.03,32.87,73.02,1,1,1
55,1.0,166.36,223.83,14.28,22.31,1,1,1
56,6.0,571.86,194.06,20.03,26.92,1,1,1
56,4.0,207.09,149.87,28.02,15.90,1,1,1
56,3.0,206.77,149.96,30.39,48.88,1,1,1
56,2.0,205.20,150.08,32.94,72.97,1,1,1
56,1.0,166.26,223.60,14.27,22.48,1,1,1
57,6.0,571.62,193.62,18.69,27.52,1,1,1
57,4.0,206.93,149.63,30.08,16.92,1,1,1
57,3.0,206.72,149.67,33.56,51.62,1,1,1
57,2.0,205.17,149.88,35.73,73.12,1,1,1
57,1.0,165.87,223.78,14.67,21.94,1,1,1
58,6.0,572.05,193.52,19.23,27.14,1,1,1
58,4.0,206.28,149.32,31.05,16.90,1,1,1
58,3.0,206.01,149.26,34.94,51.92,1,1,1
58,2.0,204.55,149.62,37.22,73.42,1,1,1
58,1.0,165.74,224.03,14.18,21.71,1,1,1
59,6.0,572.28,193.57,19.19,26.76,1,1,1
59,4.0,206.13,148.92,29.71,18.91,1,1,1
59,3.0,205.89,148.51,36.80,58.30,1,1,1
59,2.0,204.92,149.60,34.10,72.77,1,1,1
59,1.0,165.31,224.09,14.37,21.48,1,1,1
60,6.0,572.52,193.68,18.71,26.37,1,1,1
60,4.0,205.65,148.42,29.72,20.02,1,1,1
60,2.0,204.45,149.20,34.20,73.00,1,1,1
60,1.0,164.97,224.01,14.59,21.30,1,1,1
61,2.0,203.33,149.35,29.16,71.41,1,1,1
61,1.0,164.51,223.62,14.29,20.73,1,1,1
62,7.0,845.98,531.62,18.19,14.55,1,1,1
62,2.0,203.10,149.54,28.75,71.51,1,1,1
62,1.0,164.47,223.55,14.52,20.88,1,1,1
63,7.0,845.63,531.98,17.74,13.97,1,1,1
63,2.0,202.61,149.56,28.62,71.34,1,1,1
63,1.0,164.14,223.91,14.49,20.42,1,1,1
64,3.0,203.58,149.27,26.66,52.84,1,1,1
64,2.0,202.73,149.58,28.36,71.55,1,1,1
64,1.0,164.06,223.89,14.66,20.60,1,1,1
65,2.0,202.64,149.57,28.40,71.29,1,1,1
65,1.0,164.11,223.85,14.45,20.70,1,1,1
66,2.0,202.05,149.61,28.07,71.29,1,1,1
66,1.0,163.88,223.68,14.50,20.97,1,1,1
67,2.0,201.87,149.68,27.58,71.41,1,1,1
67,1.0,163.87,223.47,13.84,21.30,1,1,1
68,2.0,201.70,149.68,27.38,71.14,1,1,1
68,1.0,163.56,223.74,14.07,21.16,1,1,1
69,2.0,200.96,149.70,27.26,70.88,1,1,1
69,1.0,162.97,223.66,14.44,21.35,1,1,1
70,2.0,200.25,150.36,27.64,70.63,1,1,1
70,1.0,162.59,224.48,14.06,21.17,1,1,1
71,2.0,199.23,150.46,28.02,71.33,1,1,1
71,1.0,161.91,224.20,14.57,22.45,1,1,1
72,2.0,198.64,150.33,28.40,71.28,1,1,1
72,1.0,161.67,224.48,14.55,22.31,1,1,1
73,3.0,198.09,149.94,26.25,49.64,1,1,1
73,2.0,198.20,150.18,28.17,71.35,1,1,1
73,1.0,160.69,224.09,15.00,21.79,1,1,1
74,2.0,197.76,149.77,28.12,70.93,1,1,1
74,1.0,160.54,223.42,14.61,22.15,1,1,1
75,3.0,197.78,148.18,25.36,35.24,1,1,1
75,2.0,198.26,148.17,26.57,58.52,1,1,1
75,1.0,160.07,223.45,14.66,21.91,1,1,1
76,4.0,197.22,148.10,23.35,26.93,1,1,1
76,3.0,197.28,148.09,24.89,56.50,1,1,1
76,2.0,195.76,148.92,25.49,72.16,1,1,1
76,1.0,159.69,223.43,14.67,21.99,1,1,1
77,4.0,196.42,148.10,23.65,35.04,1,1,1
77,2.0,196.44,148.16,24.94,65.44,1,1,1
77,1.0,159.23,223.45,15.15,21.49,1,1,1
78,3.0,196.06,148.04,23.93,44.73,1,1,1
78,2.0,196.13,148.08,25.58,68.19,1,1,1
78,1.0,158.04,223.24,15.67,21.79,1,1,1
79,4.0,195.87,147.77,22.45,29.05,1,1,1
79,2.0,195.99,147.77,24.60,62.20,1,1,1
79,1.0,157.78,223.15,15.52,21.75,1,1,1
80,7.0,839.20,530.14,14.23,12.56,1,1,1
80,4.0,195.68,147.75,24.49,31.67,1,1,1
80,2.0,195.80,147.70,26.88,63.11,1,1,1
80,1.0,157.87,222.37,15.38,22.22,1,1,1
81,7.0,838.86,529.65,14.46,12.90,1,1,1
81,4.0,194.82,147.59,24.65,26.23,1,1,1
81,2.0,194.83,147.58,26.45,59.41,1,1,1
82,7.0,838.99,529.07,13.78,13.46,1,1,1
82,2.0,193.57,146.93,27.46,70.43,1,1,1
82,1.0,157.02,220.76,15.67,22.08,1,1,1
83,7.0,838.87,528.41,13.95,14.39,1,1,1
83,3.0,193.73,146.49,26.75,43.61,1,1,1
83,2.0,193.67,146.37,28.33,67.22,1,1,1
83,1.0,156.61,221.33,15.85,21.57,1,1,1
84,7.0,838.82,528.29,13.80,14.34,1,1,1
84,3.0,193.56,146.04,27.46,40.56,1,1,1
84,2.0,193.58,145.85,29.87,67.00,1,1,1
84,1.0,156.31,221.24,16.23,21.03,1,1,1
85,2.0,192.69,145.72,29.65,70.10,1,1,1
85,1.0,156.24,219.86,15.77,21.38,1,1,1
86,2.0,192.71,145.54,29.18,70.91,1,1,1
86,1.0,156.09,219.36,15.35,21.45,1,1,1
87,2.0,191.70,145.35,28.64,72.43,1,1,1
87,1.0,155.57,219.71,15.09,20.96,1,1,1
88,6.0,565.94,186.03,20.24,21.60,1,1,1
88,2.0,191.30,144.87,29.60,72.67,1,1,1
88,1.0,155.53,219.64,14.90,20.98,1,1,1
89,2.0,191.06,144.68,29.76,72.70,1,1,1
89,1.0,154.78,219.57,15.50,21.00,1,1,1
90,2.0,191.21,144.63,25.66,62.08,1,1,1
90,1.0,155.05,219.29,14.92,20.89,1,1,1
91,3.0,191.21,144.07,23.69,56.29,1,1,1
91,1.0,154.94,218.16,14.82,21.89,1,1,1
92,7.0,835.83,527.99,12.89,13.66,1,1,1
92,3.0,190.66,144.31,24.89,42.67,1,1,1
92,2.0,190.54,144.22,27.40,62.97,1,1,1
92,1.0,154.23,218.23,14.91,21.61,1,1,1
93,3.0,190.31,144.08,24.40,45.75,1,1,1
93,2.0,190.24,143.93,27.22,63.39,1,1,1
93,1.0,154.14,217.65,14.81,21.93,1,1,1
94,3.0,190.06,144.14,24.32,45.45,1,1,1
94,2.0,190.00,144.01,27.26,63.46,1,1,1
94,1.0,153.16,217.71,15.18,21.84,1,1,1
95,3.0,189.12,144.19,23.85,56.00,1,1,1
95,2.0,187.46,144.51,26.42,71.68,1,1,1
95,1.0,153.16,217.75,15.18,21.73,1,1,1
96,3.0,188.91,144.21,23.94,62.06,1,1,1
96,1.0,152.46,217.62,15.74,21.78,1,1,1
97,3.0,188.42,144.10,23.73,64.24,1,1,1
97,1.0,152.11,217.40,16.06,21.89,1,1,1
98,3.0,188.73,144.39,22.57,47.80,1,1,1
98,2.0,186.75,144.83,25.22,71.54,1,1,1
98,1.0,151.81,217.33,15.60,21.92,1,1,1
99,3.0,187.79,144.43,22.99,49.58,1,1,1
99,2.0,185.78,144.76,25.69,71.34,1,1,1
99,1.0,151.06,217.31,15.63,22.84,1,1,1
100,3.0,187.43,144.45,23.50,55.18,1,1,1
100,2.0,185.21,144.79,26.24,71.91,1,1,1
100,1.0,150.91,217.32,15.52,22.84,1,1,1
101,3.0,186.08,145.04,23.58,46.20,1,1,1
101,2.0,183.95,145.26,26.19,73.19,1,1,1
101,1.0,150.29,218.79,14.79,21.34,1,1,1
102,3.0,185.71,144.88,23.60,47.94,1,1,1
102,2.0,183.55,145.08,26.27,73.38,1,1,1
102,1.0,150.19,218.67,14.86,21.28,1,1,1
103,4.0,185.30,144.92,23.33,31.55,1,1,1
103,3.0,182.82,144.89,25.22,54.97,1,1,1
103,2.0,183.26,144.99,26.27,73.35,1,1,1
103,1.0,149.57,218.90,14.77,21.14,1,1,1
104,6.0,562.55,186.25,20.54,22.78,1,1,1
104,3.0,184.81,144.98,23.84,51.84,1,1,1
104,2.0,182.78,145.05,26.50,73.11,1,1,1
104,1.0,148.51,218.95,14.76,20.83,1,1,1
105,4.0,185.28,144.98,23.51,26.39,1,1,1
105,3.0,182.95,144.90,25.21,46.38,1,1,1
105,2.0,183.26,145.04,26.61,75.25,1,1,1
105,1.0,148.33,218.86,15.14,20.86,1,1,1
106,4.0,184.77,144.99,23.52,28.55,1,1,1
106,3.0,182.64,145.00,25.14,46.54,1,1,1
106,1.0,147.84,218.82,15.16,21.09,1,1,1
107,4.0,185.25,145.01,22.83,16.59,1,1,1
107,3.0,183.06,144.94,24.76,26.75,1,1,1
107,1.0,147.76,218.93,14.91,21.19,1,1,1
108,4.0,185.22,145.04,22.45,15.34,1,1,1
108,1.0,147.74,218.75,14.76,21.41,1,1,1
109,4.0,184.97,145.06,22.81,18.90,1,1,1
109,3.0,183.07,145.01,24.89,28.62,1,1,1
109,1.0,147.13,218.77,15.21,21.22,1,1,1
110,4.0,185.20,145.04,22.98,17.70,1,1,1
110,3.0,183.14,144.94,25.45,27.82,1,1,1
110,1.0,146.93,218.24,14.76,21.17,1,1,1
111,4.0,185.41,144.97,21.24,13.51,1,1,1
111,1.0,146.30,217.94,15.33,21.59,1,1,1
112,4.0,184.15,145.05,21.86,15.22,1,1,1
112,3.0,182.55,145.05,23.88,25.41,1,1,1
112,1.0,146.27,217.97,14.78,21.51,1,1,1
113,4.0,183.74,145.05,22.26,18.52,1,1,1
113,3.0,182.07,145.10,24.30,36.74,1,1,1
113,1.0,146.27,217.88,14.64,21.67,1,1,1
114,4.0,183.90,145.38,22.35,16.24,1,1,1
114,3.0,182.29,145.40,24.41,31.04,1,1,1
114,1.0,146.15,217.81,14.59,21.74,1,1,1
115,4.0,183.85,145.32,22.27,17.03,1,1,1
115,3.0,182.17,145.34,24.39,33.58,1,1,1
115,1.0,146.16,217.40,14.54,22.07,1,1,1
116,4.0,184.82,145.29,21.95,14.00,1,1,1
116,3.0,182.93,145.20,24.45,19.94,1,1,1
116,1.0,146.20,217.24,14.61,21.52,1,1,1
117,4.0,184.84,144.41,24.24,18.36,1,1,1
117,1.0,146.25,216.83,14.39,21.71,1,1,1
118,6.0,535.37,333.90,11.48,12.52,1,1,1
118,4.0,184.47,144.45,24.06,21.60,1,1,1
118,1.0,146.01,216.24,14.39,21.68,1,1,1
119,6.0,535.55,334.05,11.17,12.27,1,1,1
119,3.0,184.09,144.39,23.79,26.64,1,1,1
119,2.0,181.05,144.40,27.18,49.71,1,1,1
119,1.0,146.12,216.00,14.56,22.08,1,1,1
120,3.0,183.86,144.25,23.90,27.04,1,1,1
120,1.0,146.18,215.31,14.31,22.10,1,1,1
121,4.0,188.23,143.00,22.51,13.89,1,1,1
121,1.0,146.87,214.84,15.11,22.06,1,1,1
122,1.0,146.58,214.06,15.82,21.12,1,1,1
123,1.0,147.18,212.34,16.12,22.96,1,1,1
124,2.0,272.91,55.54,28.07,20.83,1,1,1
124,1.0,147.62,211.67,15.83,22.43,1,1,1
125,1.0,147.83,211.27,15.56,22.63,1,1,1
126,1.0,148.22,210.17,15.20,22.56,1,1,1
127,1.0,148.24,210.05,15.32,22.67,1,1,1
128,1.0,148.40,209.73,15.00,22.25,1,1,1
129,4.0,193.19,140.29,21.57,13.19,1,1,1
129,1.0,148.48,209.65,14.99,22.28,1,1,1
130,4.0,193.37,140.26,21.54,13.34,1,1,1
130,1.0,149.75,208.74,13.65,22.59,1,1,1
131,4.0,194.36,139.79,19.80,13.57,1,1,1
131,1.0,150.59,207.71,14.89,23.20,1,1,1
132,4.0,194.51,139.77,19.07,13.17,1,1,1
132,1.0,150.81,207.03,14.53,22.63,1,1,1
133,4.0,195.30,139.62,18.71,13.35,1,1,1
133,1.0,150.76,205.51,16.52,23.38,1,1,1
134,4.0,195.95,139.77,20.33,13.17,1,1,1
134,1.0,151.76,205.47,15.69,23.26,1,1,1
135,4.0,195.75,139.66,20.42,13.13,1,1,1
135,1.0,152.19,205.11,16.98,23.03,1,1,1
136,4.0,197.17,139.57,21.42,12.80,1,1,1
136,1.0,152.72,204.72,16.98,22.47,1,1,1
137,4.0,199.45,139.29,20.50,12.57,1,1,1
137,1.0,152.92,204.24,16.60,23.07,1,1,1
138,1.0,153.10,203.65,16.42,22.75,1,1,1
139,1.0,153.15,203.35,16.58,22.36,1,1,1
140,1.0,153.66,203.07,16.66,21.85,1,1,1
141,4.0,200.53,137.55,20.52,12.92,1,1,1
141,3.0,200.34,135.50,19.95,12.54,1,1,1
141,1.0,154.40,202.82,16.26,21.61,1,1,1
142,4.0,200.49,137.48,20.45,12.84,1,1,1
142,3.0,200.37,135.51,19.66,12.38,1,1,1
142,1.0,154.48,202.25,16.04,21.32,1,1,1
143,3.0,200.93,135.47,19.98,11.89,1,1,1
143,1.0,154.61,201.96,15.86,21.29,1,1,1
144,4.0,289.80,51.07,26.46,25.96,1,1,1
144,3.0,201.26,135.47,20.28,11.65,1,1,1
144,1.0,154.89,201.38,15.43,21.16,1,1,1
145,4.0,290.88,51.78,25.72,24.98,1,1,1
145,3.0,201.31,135.48,20.37,11.49,1,1,1
145,1.0,155.37,201.02,15.57,21.59,1,1,1
146,4.0,290.85,53.18,26.58,23.96,1,1,1
146,3.0,201.16,135.56,20.75,11.22,1,1,1
146,1.0,155.34,200.97,15.71,21.89,1,1,1
147,4.0,290.89,53.46,26.85,23.66,1,1,1
147,1.0,155.30,201.10,15.60,21.29,1,1,1
148,4.0,290.98,54.56,26.88,22.54,1,1,1
148,3.0,201.47,135.54,20.84,11.26,1,1,1
148,1.0,155.54,200.68,15.31,21.60,1,1,1
149,4.0,291.47,55.13,26.48,21.94,1,1,1
149,3.0,201.40,135.51,20.88,11.27,1,1,1
149,1.0,155.65,200.42,15.25,21.23,1,1,1
150,4.0,291.52,54.87,26.73,22.20,1,1,1
150,1.0,155.72,200.34,15.05,21.17,1,1,1
151,4.0,291.51,54.61,27.07,22.46,1,1,1
151,1.0,155.70,198.48,15.90,23.02,1,1,1
152,3.0,202.18,134.81,21.36,13.15,1,1,1
152,1.0,155.79,198.84,15.45,22.59,1,1,1
153,3.0,201.87,134.75,21.68,13.07,1,1,1
153,1.0,155.73,198.06,15.41,22.67,1,1,1
154,3.0,200.96,134.51,22.57,13.65,1,1,1
154,1.0,155.71,197.39,15.57,22.21,1,1,1
155,3.0,201.74,134.47,22.00,13.13,1,1,1
155,1.0,155.69,197.09,15.74,22.56,1,1,1
156,3.0,201.40,134.53,22.18,13.40,1,1,1
156,1.0,155.66,197.06,15.56,22.23,1,1,1
157,3.0,201.92,134.40,21.71,12.49,1,1,1
157,1.0,155.72,196.97,15.64,22.32,1,1,1
158,3.0,202.36,134.12,21.29,13.04,1,1,1
158,1.0,155.78,196.95,15.99,22.22,1,1,1
159,3.0,202.47,133.85,21.56,11.78,1,1,1
159,1.0,155.67,196.38,16.12,22.16,1,1,1
160,1.0,155.98,194.91,15.69,22.63,1,1,1
161,1.0,156.09,194.95,16.39,22.55,1,1,1
162,1.0,156.12,194.52,16.27,22.61,1,1,1
163,1.0,156.12,194.37,16.19,22.74,1,1,1
164,1.0,156.33,193.69,15.39,22.22,1,1,1
165,1.0,156.31,193.35,15.34,22.35,1,1,1
166,1.0,156.34,193.31,15.47,22.16,1,1,1
167,1.0,156.40,193.25,15.37,22.16,1,1,1
168,1.0,156.39,193.01,15.76,22.03,1,1,1
169,3.0,202.76,129.91,22.02,12.85,1,1,1
169,1.0,156.39,192.60,16.54,21.34,1,1,1
170,1.0,156.47,192.51,16.17,21.04,1,1,1
171,1.0,156.21,192.04,17.10,21.87,1,1,1
172,1.0,156.28,192.03,16.93,21.61,1,1,1
173,1.0,156.20,191.31,16.80,21.45,1,1,1
174,1.0,156.14,191.09,16.49,21.60,1,1,1
175,1.0,156.31,190.75,17.15,21.37,1,1,1
176,1.0,156.44,189.93,16.79,21.45,1,1,1
177,1.0,156.54,189.16,16.66,22.08,1,1,1
178,1.0,156.76,188.05,16.94,22.01,1,1,1
179,1.0,157.06,187.55,19.33,22.18,1,1,1
180,1.0,157.24,186.44,24.10,22.80,1,1,1
181,1.0,158.25,185.57,33.91,24.13,1,1,1
182,1.0,158.27,185.49,33.75,24.07,1,1,1
183,1.0,158.70,185.54,33.27,23.05,1,1,1
184,1.0,158.63,185.21,33.12,22.66,1,1,1
185,9.0,565.14,235.53,19.45,23.67,1,1,1
185,1.0,158.67,183.07,33.73,23.62,1,1,1
186,10.0,849.44,535.63,14.88,12.22,1,1,1
186,9.0,564.98,235.90,21.02,23.22,1,1,1
186,1.0,158.60,182.60,33.43,23.76,1,1,1
187,10.0,850.14,535.73,14.62,12.50,1,1,1
187,9.0,565.11,235.66,19.86,23.89,1,1,1
187,1.0,158.71,181.87,33.04,23.33,1,1,1
188,10.0,849.22,535.79,15.53,12.97,1,1,1
188,9.0,564.90,235.56,20.47,24.43,1,1,1
188,1.0,158.32,178.11,33.97,25.78,1,1,1
189,10.0,851.93,535.82,13.29,12.76,1,1,1
189,9.0,565.13,235.64,20.33,23.82,1,1,1
189,1.0,158.60,178.50,33.77,25.58,1,1,1
190,9.0,565.53,235.83,19.68,23.49,1,1,1
190,1.0,159.39,179.35,33.06,24.05,1,1,1
191,1.0,159.84,179.71,25.26,22.75,1,1,1
192,1.0,160.35,179.08,23.13,23.50,1,1,1
193,1.0,160.53,179.00,25.26,22.92,1,1,1
194,1.0,161.80,178.14,23.42,22.40,1,1,1
195,1.0,162.52,177.48,22.36,22.88,1,1,1
196,1.0,163.12,176.80,25.24,22.82,1,1,1
197,1.0,164.25,175.92,28.06,23.12,1,1,1
198,1.0,164.80,176.33,27.41,22.76,1,1,1
199,1.0,166.57,174.08,31.22,24.45,1,1,1
200,1.0,166.81,173.77,31.61,23.77,1,1,1
201,1.0,167.90,174.27,21.18,23.22,1,1,1
202,1.0,168.06,174.06,22.40,22.73,1,1,1
203,1.0,168.59,173.39,26.10,23.45,1,1,1
204,1.0,169.35,174.22,19.60,21.99,1,1,1
205,1.0,169.29,173.86,18.74,22.24,1,1,1
206,1.0,170.90,173.85,18.16,22.56,1,1,1
207,1.0,171.67,173.55,17.95,21.89,1,1,1
208,1.0,172.14,172.66,20.11,22.99,1,1,1
209,1.0,172.48,171.59,22.15,23.93,1,1,1
210,1.0,173.23,171.55,29.69,24.24,1,1,1
211,1.0,173.91,172.57,28.99,24.42,1,1,1
212,1.0,174.33,174.55,24.02,21.80,1,1,1
213,1.0,175.02,174.25,27.04,21.74,1,1,1
214,8.0,261.63,443.20,16.45,13.05,1,1,1
214,1.0,175.37,174.44,26.52,22.03,1,1,1
215,8.0,261.59,443.30,16.46,12.96,1,1,1
215,1.0,175.34,174.41,26.98,22.15,1,1,1
216,8.0,261.41,443.04,16.68,13.24,1,1,1
216,1.0,175.38,174.40,27.56,22.32,1,1,1
217,8.0,261.32,442.79,16.86,13.41,1,1,1
217,1.0,175.49,174.39,27.54,22.29,1,1,1
218,8.0,261.63,442.66,16.62,13.62,1,1,1
218,1.0,175.57,174.35,27.87,22.51,1,1,1
219,1.0,175.53,174.52,27.16,22.26,1,1,1
220,1.0,176.01,175.02,27.55,22.23,1,1,1
221,1.0,176.07,175.05,26.63,22.69,1,1,1
222,1.0,176.05,174.82,27.67,24.54,1,1,1
223,1.0,175.22,175.60,27.11,23.86,1,1,1
224,1.0,174.36,175.88,28.13,24.15,1,1,1
225,1.0,173.95,176.76,22.98,23.25,1,1,1
226,1.0,173.44,177.35,24.72,23.36,1,1,1
227,1.0,172.64,177.66,23.52,22.68,1,1,1
228,1.0,172.25,178.80,23.48,23.04,1,1,1
229,1.0,171.79,180.07,19.19,22.79,1,1,1
230,11.0,529.98,375.12,10.29,8.07,1,1,1
230,1.0,171.41,181.47,24.24,22.40,1,1,1
231,1.0,170.98,182.71,17.74,22.20,1,1,1
232,1.0,170.73,182.97,22.02,22.62,1,1,1
233,1.0,169.85,183.84,19.19,23.14,1,1,1
234,1.0,169.86,184.34,20.49,23.25,1,1,1
235,1.0,169.05,185.44,19.68,23.16,1,1,1
236,1.0,168.85,186.62,17.81,22.78,1,1,1
237,1.0,167.99,187.23,18.60,24.20,1,1,1
238,1.0,167.83,187.48,20.15,24.65,1,1,1
239,1.0,166.46,188.06,18.07,24.10,1,1,1
240,1.0,166.61,189.19,20.91,23.91,1,1,1
241,1.0,166.66,192.13,20.38,24.27,1,1,1
242,12.0,836.70,530.85,13.59,11.53,1,1,1
242,1.0,166.12,190.95,19.05,25.61,1,1,1
243,1.0,165.04,191.05,17.23,25.25,1,1,1
244,12.0,835.24,530.48,14.78,12.32,1,1,1
244,1.0,164.27,191.54,17.09,24.18,1,1,1
245,1.0,163.10,191.96,14.75,24.14,1,1,1
246,1.0,162.45,193.17,14.03,24.56,1,1,1
247,1.0,162.41,193.58,15.54,25.17,1,1,1
248,1.0,161.99,193.94,16.27,25.18,1,1,1
249,1.0,161.95,194.51,15.95,24.79,1,1,1
250,1.0,161.79,193.85,21.22,25.75,1,1,1
251,1.0,161.75,194.55,21.93,25.79,1,1,1
252,1.0,161.82,194.75,21.70,25.74,1,1,1
253,1.0,161.74,195.62,21.48,25.28,1,1,1
254,1.0,161.78,195.82,22.09,25.70,1,1,1
255,1.0,161.85,195.72,21.63,26.09,1,1,1
256,1.0,161.97,195.47,21.22,26.50,1,1,1
257,1.0,162.56,195.13,19.42,25.56,1,1,1
258,1.0,162.99,194.97,19.17,25.38,1,1,1
259,1.0,163.23,195.04,18.98,25.11,1,1,1
260,1.0,163.74,194.55,19.04,25.64,1,1,1
261,1.0,164.75,195.52,17.85,24.41,1,1,1
262,1.0,166.30,194.13,17.37,25.39,1,1,1
263,1.0,167.75,194.11,17.84,25.44,1,1,1
264,1.0,168.82,193.20,18.89,25.83,1,1,1
265,1.0,170.11,194.45,17.85,24.81,1,1,1
266,1.0,170.72,193.81,17.82,25.28,1,1,1
267,1.0,171.55,192.58,18.22,26.13,1,1,1
268,1.0,172.68,192.22,18.81,24.73,1,1,1
269,1.0,173.94,192.36,17.87,24.77,1,1,1
270,1.0,175.75,191.58,19.86,24.94,1,1,1
271,1.0,176.46,191.19,20.61,25.32,1,1,1
272,1.0,177.42,191.14,17.51,24.89,1,1,1
273,1.0,178.93,189.89,19.24,24.92,1,1,1
274,1.0,179.67,189.79,18.63,24.55,1,1,1
275,1.0,180.31,189.51,18.41,23.80,1,1,1
276,1.0,181.03,190.02,17.78,22.52,1,1,1
277,1.0,182.97,187.31,17.20,25.20,1,1,1
278,1.0,184.65,186.44,17.77,25.72,1,1,1
279,1.0,185.44,186.39,17.22,24.73,1,1,1
280,1.0,186.31,186.13,17.07,25.09,1,1,1
281,1.0,187.33,186.21,17.34,24.03,1,1,1
282,1.0,187.40,186.10,17.36,23.87,1,1,1
283,1.0,188.63,184.44,18.12,24.82,1,1,1
284,1.0,189.07,184.24,17.56,24.23,1,1,1
285,14.0,590.64,235.57,18.73,22.45,1,1,1
285,1.0,190.41,182.96,17.59,24.52,1,1,1
286,1.0,190.67,182.68,17.48,25.17,1,1,1
287,1.0,191.60,181.69,17.30,24.44,1,1,1
288,1.0,191.85,181.14,17.53,24.95,1,1,1
289,1.0,192.39,180.53,17.82,24.85,1,1,1
290,1.0,192.69,180.25,18.07,24.95,1,1,1
291,1.0,194.55,179.37,17.63,24.28,1,1,1
292,1.0,194.82,179.00,17.65,24.50,1,1,1
293,1.0,194.75,179.22,17.77,24.24,1,1,1
294,1.0,194.73,179.32,17.23,23.61,1,1,1
295,1.0,195.10,178.66,17.47,24.01,1,1,1
296,1.0,195.31,178.45,17.36,24.17,1,1,1
297,1.0,195.78,177.76,16.32,22.54,1,1,1
298,1.0,196.30,177.44,16.05,22.85,1,1,1
299,1.0,196.24,177.16,14.10,22.44,1,1,1
300,1.0,196.17,176.72,12.85,22.42,1,1,1
301,14.0,595.49,243.50,15.97,24.67,1,1,1
301,1.0,196.98,176.52,17.75,23.01,1,1,1
302,1.0,196.76,176.44,18.07,22.80,1,1,1
303,14.0,595.12,244.37,16.43,23.83,1,1,1
303,1.0,197.32,175.57,17.55,22.73,1,1,1
304,1.0,197.78,174.89,17.54,22.69,1,1,1
305,1.0,198.14,173.94,16.89,23.68,1,1,1
306,1.0,198.33,172.86,17.10,23.77,1,1,1
307,1.0,198.16,172.45,16.69,23.77,1,1,1
308,1.0,198.32,172.40,16.95,23.98,1,1,1
309,1.0,198.10,172.07,17.58,24.25,1,1,1
310,1.0,198.14,172.47,17.07,23.91,1,1,1
311,1.0,196.95,171.71,18.05,24.41,1,1,1
312,1.0,196.56,171.30,18.10,24.60,1,1,1
313,1.0,196.03,171.46,19.01,24.54,1,1,1
314,1.0,195.14,171.52,19.48,24.36,1,1,1
315,1.0,194.73,171.07,19.31,24.82,1,1,1
316,1.0,193.88,171.18,18.76,24.36,1,1,1
317,1.0,193.32,171.24,18.79,24.29,1,1,1
318,1.0,192.33,170.90,18.24,25.10,1,1,1
319,14.0,591.32,245.38,16.60,23.15,1,1,1
319,1.0,191.68,171.08,18.06,24.89,1,1,1
320,1.0,191.24,172.46,17.63,24.31,1,1,1
321,1.0,190.59,174.65,18.61,21.81,1,1,1
322,1.0,189.61,174.57,18.67,21.80,1,1,1
323,1.0,189.07,174.67,18.92,22.24,1,1,1
324,1.0,188.50,174.87,18.68,22.20,1,1,1
325,1.0,187.64,174.89,18.37,22.23,1,1,1
326,1.0,187.52,174.86,17.23,22.40,1,1,1
327,1.0,185.70,173.35,18.92,24.63,1,1,1
328,1.0,185.10,174.45,18.33,23.84,1,1,1
329,1.0,183.39,172.48,18.65,25.95,1,1,1
331,1.0,181.73,171.70,18.00,26.38,1,1,1
332,1.0,181.70,174.03,17.60,23.31,1,1,1
333,1.0,181.01,175.29,18.25,22.55,1,1,1
334,1.0,179.93,174.87,18.20,23.77,1,1,1
335,1.0,178.88,174.57,18.77,23.59,1,1,1
336,1.0,178.78,174.62,19.03,24.27,1,1,1
337,1.0,178.57,174.64,18.64,24.63,1,1,1
339,1.0,177.87,174.83,19.37,25.00,1,1,1
340,1.0,177.68,174.95,18.37,25.01,1,1,1
341,1.0,175.93,174.47,19.57,26.43,1,1,1
342,1.0,175.80,174.61,19.47,26.16,1,1,1
343,1.0,175.48,175.55,20.25,25.60,1,1,1
344,1.0,176.02,177.88,19.02,24.32,1,1,1
345,1.0,176.02,177.72,18.60,24.71,1,1,1
346,1.0,174.95,177.88,20.16,24.85,1,1,1
347,1.0,176.84,179.67,17.00,22.68,1,1,1
348,1.0,175.67,180.79,17.98,22.41,1,1,1
349,1.0,175.55,180.98,17.56,23.03,1,1,1
350,1.0,175.12,181.05,17.85,22.96,1,1,1
351,1.0,174.99,181.43,18.52,22.32,1,1,1
352,1.0,174.94,181.47,18.41,22.20,1,1,1
353,1.0,174.49,182.13,17.79,22.45,1,1,1
354,1.0,174.84,182.79,17.46,23.21,1,1,1
355,1.0,174.58,182.79,17.24,23.24,1,1,1
356,1.0,174.37,183.24,17.12,22.88,1,1,1
357,1.0,174.11,183.03,17.42,23.04,1,1,1
358,1.0,173.84,183.11,17.77,22.95,1,1,1
359,1.0,174.35,184.07,17.31,22.25,1,1,1
360,1.0,174.27,183.90,17.36,22.74,1,1,1
361,1.0,172.80,184.48,17.90,21.96,1,1,1
362,1.0,173.25,184.59,17.57,22.15,1,1,1
363,1.0,172.72,184.70,18.04,22.28,1,1,1
364,1.0,172.81,184.81,18.07,22.83,1,1,1
365,1.0,173.10,184.99,18.22,23.21,1,1,1
366,1.0,173.31,184.69,17.83,23.20,1,1,1
367,1.0,173.35,184.40,17.60,22.36,1,1,1
368,1.0,173.00,184.49,17.90,22.66,1,1,1
369,1.0,173.71,184.58,17.24,22.54,1,1,1
370,1.0,174.46,184.65,17.67,22.62,1,1,1
374,1.0,174.13,184.38,19.95,22.22,1,1,1
375,1.0,175.64,184.01,20.71,22.14,1,1,1
376,1.0,175.00,183.31,23.38,21.74,1,1,1
377,1.0,176.72,182.55,21.19,21.87,1,1,1
378,1.0,178.42,181.54,20.35,22.85,1,1,1
379,1.0,179.76,181.01,19.72,22.83,1,1,1
380,1.0,178.96,180.66,20.73,22.56,1,1,1
381,1.0,178.87,179.63,23.17,23.45,1,1,1
382,1.0,180.93,179.57,21.66,22.45,1,1,1
383,1.0,183.63,180.38,20.33,21.66,1,1,1
384,1.0,183.59,180.09,20.55,21.94,1,1,1
385,1.0,184.06,179.74,20.61,22.65,1,1,1
386,1.0,184.26,179.54,21.02,22.56,1,1,1
387,1.0,184.75,179.57,20.98,22.47,1,1,1
388,1.0,184.91,179.45,20.85,22.30,1,1,1
389,1.0,184.75,179.70,20.93,22.58,1,1,1
390,1.0,185.06,179.85,21.10,22.19,1,1,1
395,1.0,186.94,182.11,18.77,21.59,1,1,1
396,1.0,187.28,182.16,18.62,22.63,1,1,1
397,1.0,186.89,182.33,18.64,22.67,1,1,1
398,1.0,187.13,182.62,18.36,22.33,1,1,1
399,1.0,185.95,182.71,17.92,22.62,1,1,1
400,1.0,185.92,183.05,17.31,22.48,1,1,1
401,1.0,186.08,183.05,18.13,22.33,1,1,1
402,1.0,185.61,183.05,18.25,22.33,1,1,1
403,1.0,185.60,183.12,17.33,22.53,1,1,1
404,1.0,184.97,183.64,18.39,21.89,1,1,1
405,1.0,184.86,183.72,18.78,22.00,1,1,1
406,1.0,184.48,184.15,19.32,22.34,1,1,1
407,15.0,182.93,184.89,19.82,51.45,1,1,1
407,1.0,184.29,184.52,18.19,22.52,1,1,1
408,15.0,183.16,184.89,20.05,51.94,1,1,1
408,1.0,184.31,184.57,18.67,23.23,1,1,1
409,1.0,184.34,184.90,17.67,23.26,1,1,1
410,1.0,184.21,185.12,17.55,23.09,1,1,1
411,1.0,184.10,185.16,17.26,23.68,1,1,1
412,1.0,183.52,186.23,17.73,23.34,1,1,1
413,16.0,809.19,428.58,19.80,11.47,1,1,1
413,1.0,183.26,187.29,18.26,23.26,1,1,1
414,16.0,809.06,428.61,20.04,11.45,1,1,1
414,1.0,183.18,187.53,18.51,23.46,1,1,1
415,16.0,809.54,429.11,19.67,11.01,1,1,1
415,1.0,183.18,187.52,18.53,23.34,1,1,1
416,16.0,809.31,429.21,20.14,10.98,1,1,1
416,1.0,183.17,187.51,18.55,23.38,1,1,1
417,16.0,810.64,428.57,18.76,11.55,1,1,1
417,1.0,183.01,187.54,18.74,23.69,1,1,1
418,1.0,182.35,188.42,19.17,23.47,1,1,1
419,1.0,182.16,188.13,19.43,23.11,1,1,1
420,1.0,182.18,188.13,19.42,23.06,1,1,1
422,17.0,552.22,364.72,10.36,12.12,1,1,1
423,17.0,552.30,364.65,10.38,12.14,1,1,1
424,17.0,552.31,364.53,10.61,12.29,1,1,1
425,17.0,552.39,364.46,10.63,12.07,1,1,1
426,15.0,183.57,189.26,19.11,51.62,1,1,1
427,17.0,552.42,364.82,10.52,11.21,1,1,1
427,16.0,769.00,274.31,17.28,14.49,1,1,1
428,17.0,552.69,365.08,9.89,11.81,1,1,1
429,15.0,184.64,189.49,18.92,51.33,1,1,1
430,15.0,186.11,189.62,19.40,43.60,1,1,1
431,1.0,187.27,188.55,18.92,23.80,1,1,1
432,17.0,551.85,369.95,10.31,10.42,1,1,1
432,1.0,187.56,188.86,18.96,23.66,1,1,1
433,17.0,551.91,370.94,10.65,9.78,1,1,1
433,1.0,187.99,188.89,19.15,23.85,1,1,1
434,17.0,551.89,370.79,10.54,9.83,1,1,1
434,1.0,188.21,188.97,19.50,23.63,1,1,1
441,15.0,191.45,187.40,19.40,51.66,1,1,1
441,1.0,192.05,187.05,19.06,34.92,1,1,1
442,1.0,192.19,187.00,19.26,39.12,1,1,1
443,15.0,192.18,187.03,19.19,42.18,1,1,1
444,15.0,192.48,187.01,19.09,38.62,1,1,1
445,15.0,192.53,187.43,19.68,50.63,1,1,1
446,17.0,588.36,227.78,18.62,25.84,1,1,1
446,15.0,192.72,188.07,19.66,47.42,1,1,1
447,17.0,588.17,227.94,18.27,25.79,1,1,1
447,15.0,192.76,188.45,19.88,47.70,1,1,1
448,17.0,588.39,227.62,18.96,26.03,1,1,1
448,15.0,192.80,188.45,19.87,48.59,1,1,1
449,17.0,589.17,228.64,18.60,25.73,1,1,1
449,15.0,192.98,187.44,20.16,50.68,1,1,1
450,17.0,589.28,229.46,18.18,25.28,1,1,1
450,15.0,193.18,187.43,20.03,50.82,1,1,1
451,17.0,589.69,230.06,18.48,25.57,1,1,1
452,17.0,589.40,230.53,19.24,24.05,1,1,1
452,1.0,194.97,188.70,17.91,22.22,1,1,1
453,17.0,589.32,230.52,19.03,24.01,1,1,1
453,1.0,194.92,188.94,18.06,22.24,1,1,1
454,17.0,589.25,230.26,19.56,23.82,1,1,1
454,1.0,194.35,189.13,18.00,22.31,1,1,1
455,17.0,587.71,229.41,20.22,22.81,1,1,1
455,1.0,194.10,188.59,18.51,22.70,1,1,1
456,17.0,587.31,229.04,19.60,26.28,1,1,1
456,1.0,193.41,188.50,18.56,23.16,1,1,1
457,17.0,587.21,229.17,19.79,26.23,1,1,1
457,1.0,192.88,188.62,18.54,22.70,1,1,1
458,1.0,192.77,188.52,19.06,23.32,1,1,1
