1,143.46038818359375,238.15106201171875,157.14007568359375,259.5201721191406,0.7740856409072876
1,199.45693969726562,165.127197265625,230.08450317382812,185.498779296875,0.1255386620759964
1,947.8111572265625,147.42323303222656,964.1878662109375,163.64756774902344,0.07839766144752502
2,143.254150390625,237.67544555664062,157.14703369140625,259.4355163574219,0.678223729133606
3,144.37542724609375,236.32424926757812,158.24554443359375,258.1277770996094,0.7099258899688721
4,144.661865234375,236.2265625,158.41656494140625,257.9111022949219,0.6961231827735901
5,146.1932373046875,236.18145751953125,159.888427734375,257.763427734375,0.42189544439315796
6,147.39366149902344,235.49154663085938,161.3695526123047,256.869384765625,0.48496687412261963
7,148.13546752929688,235.4117431640625,162.50418090820312,256.76458740234375,0.4778802692890167
8,148.94354248046875,235.60186767578125,162.78009033203125,257.0521240234375,0.6878445148468018
9,149.3939666748047,235.7117919921875,164.0224151611328,257.2040710449219,0.7305259108543396
10,149.3340301513672,235.46160888671875,164.08055114746094,257.361328125,0.6119839549064636
10,202.46588134765625,163.9849853515625,237.05410766601562,240.53607177734375,0.05321464315056801
11,150.7841033935547,232.29299926757812,163.9771270751953,257.0748596191406,0.07617270201444626
12,150.70870971679688,232.05715942382812,164.35549926757812,256.957763671875,0.12370844185352325
14,150.92323303222656,231.6125030517578,164.9344940185547,254.16246032714844,0.0907251387834549
21,155.65982055664062,229.61920166015625,170.5975341796875,252.07611083984375,0.3808973431587219
22,155.5215301513672,229.48388671875,170.76072692871094,253.03253173828125,0.5183137655258179
26,157.8354034423828,229.4296875,172.1746368408203,252.8162841796875,0.6250317692756653
27,157.80032348632812,229.61456298828125,171.59832763671875,252.76318359375,0.7022719979286194
28,158.34649658203125,229.85601806640625,172.615966796875,252.83016967773438,0.543828010559082
29,158.28067016601562,229.80462646484375,172.40762329101562,252.8740234375,0.5416156649589539
31,159.58868408203125,228.26185607910156,174.1549072265625,251.2716827392578,0.7517081499099731
32,159.31259155273438,228.89990234375,173.53231811523438,250.786865234375,0.6307021379470825
33,159.5455780029297,228.26719665527344,173.7905731201172,250.66282653808594,0.6613430976867676
34,160.184814453125,227.1557159423828,175.58245849609375,247.06629943847656,0.6105440855026245
34,157.99746704101562,226.46652221679688,178.25827026367188,248.76931762695312,0.1748347282409668
35,160.26759338378906,226.91859436035156,175.9619598388672,247.0380401611328,0.6237278580665588
35,158.2187957763672,226.12823486328125,178.44041442871094,248.6488037109375,0.21463555097579956
36,161.62451171875,224.54852294921875,177.92803955078125,246.29058837890625,0.6566564440727234
37,161.86978149414062,224.514404296875,177.98373413085938,245.9017333984375,0.6024479866027832
38,161.82907104492188,224.27383422851562,177.48965454101562,245.98532104492188,0.625472366809845
39,162.9854736328125,223.50634765625,178.46148681640625,245.3316650390625,0.2952823042869568
40,163.66055297851562,224.3044891357422,179.32986450195312,246.04307556152344,0.48407676815986633
41,164.69778442382812,224.71231079101562,180.0584716796875,246.21902465820312,0.3710102140903473
42,164.84347534179688,224.7222900390625,180.06161499023438,246.41647338867188,0.4065113961696625
43,164.4160614013672,222.8263702392578,180.7537078857422,246.73487854003906,0.3044382631778717
44,165.34446716308594,224.4757080078125,180.16786193847656,246.5213623046875,0.376764178276062
45,165.1427764892578,222.326171875,180.80482482910156,246.349609375,0.2383905053138733
46,165.03782653808594,222.7236785888672,180.7379608154297,246.23854064941406,0.2988620400428772
47,165.34445190429688,222.7176055908203,180.7939453125,246.85755920410156,0.22927726805210114
48,165.28627014160156,222.6532745361328,180.7380828857422,246.76866149902344,0.29555317759513855
49,165.43931579589844,223.33871459960938,180.61573791503906,247.02627563476562,0.26689332723617554
50,165.405517578125,223.4062042236328,180.56475830078125,247.01573181152344,0.27595269680023193
51,166.0533447265625,223.4853515625,180.98162841796875,247.86184692382812,0.26153016090393066
52,165.94473266601562,223.43890380859375,181.08621215820312,248.02093505859375,0.24386923015117645
53,165.81588745117188,223.96530151367188,180.76351928710938,248.33908081054688,0.18988405168056488
54,165.88499450683594,223.62850952148438,180.21473693847656,247.98382568359375,0.36394619941711426
55,165.9296875,224.13143920898438,180.20391845703125,247.53713989257812,0.42251476645469666
55,167.380615234375,225.13613891601562,184.031982421875,246.32119750976562,0.05349205806851387
56,166.06927490234375,223.96771240234375,180.18673706054688,247.6470947265625,0.4256858825683594
56,167.47396850585938,225.08258056640625,184.02694702148438,246.38897705078125,0.05608918517827988
57,166.25511169433594,225.09432983398438,179.9866485595703,245.82528686523438,0.5420465469360352
58,166.03945922851562,224.869873046875,179.4820556640625,245.79742431640625,0.4891550540924072
59,165.650634765625,224.79241943359375,179.45733642578125,245.55279541015625,0.48531559109687805
60,165.55967712402344,224.72119140625,179.42955017089844,245.48223876953125,0.46977999806404114
61,164.85238647460938,224.32546997070312,179.12222290039062,245.37948608398438,0.6007537245750427
61,203.72122192382812,149.1260986328125,229.03414916992188,220.84085083007812,0.061117637902498245
62,164.72091674804688,224.11184692382812,179.55441284179688,245.44732666015625,0.5651469826698303
63,164.4257354736328,224.3057098388672,179.00816345214844,245.22584533691406,0.569126546382904
63,203.18661499023438,149.22296142578125,228.42831420898438,221.09466552734375,0.06296613812446594
64,164.376220703125,224.3233642578125,178.95791625976562,245.20391845703125,0.557026207447052
65,164.32110595703125,224.2535858154297,178.85443115234375,245.23268127441406,0.5931028127670288
65,203.112548828125,149.2154541015625,228.3560791015625,220.97012329101562,0.06966479867696762
66,164.18560791015625,224.19766235351562,178.53607177734375,245.26480102539062,0.49999701976776123
66,202.52728271484375,149.18624877929688,228.25054931640625,221.07254028320312,0.11968137323856354
67,164.02728271484375,224.0338134765625,178.10504150390625,245.37319946289062,0.5548244714736938
67,202.2116241455078,149.25558471679688,228.20985412597656,220.79946899414062,0.25381574034690857
67,203.20016479492188,149.23753356933594,226.48867797851562,195.91148376464844,0.06739664822816849
68,163.79617309570312,224.13418579101562,178.21688842773438,245.32992553710938,0.6147236824035645
68,202.00839233398438,149.26324462890625,228.24142456054688,220.60455322265625,0.35003527998924255
68,203.00689697265625,149.24847412109375,226.55352783203125,202.3909912109375,0.11338237673044205
69,163.4668426513672,224.396728515625,177.73509216308594,245.43865966796875,0.5646597146987915
69,201.19119262695312,149.186767578125,227.02993774414062,221.27215576171875,0.24093614518642426
69,202.23611450195312,149.26980590820312,225.23477172851562,196.33688354492188,0.08345755189657211
70,163.20559692382812,225.17527770996094,176.71780395507812,245.91050720214844,0.5965201258659363
70,200.74331665039062,149.83175659179688,226.58721923828125,221.802001953125,0.21928852796554565
70,161.5409698486328,223.97018432617188,179.46836853027344,247.02096557617188,0.16853222250938416
71,162.0904541015625,224.82432556152344,176.3890380859375,246.74293518066406,0.6503759026527405
71,199.85768127441406,150.054443359375,225.5402374267578,221.28411865234375,0.08089741319417953
72,161.62527465820312,224.98452758789062,175.56057739257812,246.69631958007812,0.6236288547515869
72,160.00433349609375,223.74449157714844,179.098876953125,247.4360809326172,0.1068064421415329
72,199.2512969970703,149.93569946289062,225.3795928955078,220.96340942382812,0.06837499141693115
73,160.529296875,224.5152587890625,174.20745849609375,245.6197509765625,0.5636907815933228
74,160.19635009765625,223.52139282226562,173.21878051757812,245.46090698242188,0.48766371607780457
75,159.61203002929688,223.5224609375,173.14663696289062,245.66900634765625,0.4979053735733032
76,159.60519409179688,223.57522583007812,172.69583129882812,245.66256713867188,0.5588855743408203
77,159.06802368164062,223.61166381835938,172.49771118164062,245.298095703125,0.4510240852832794
78,158.04855346679688,223.2359619140625,171.89810180664062,245.36474609375,0.42147597670555115
79,158.16098022460938,223.42678833007812,171.56167602539062,245.32098388671875,0.3724564015865326
80,158.17279052734375,222.20492553710938,171.74493408203125,245.04122924804688,0.18591153621673584
81,196.93063354492188,148.07681274414062,215.40585327148438,160.01083374023438,0.06752464920282364
87,155.2971954345703,218.97262573242188,170.73939514160156,241.42098999023438,0.16571596264839172
88,155.38600158691406,219.14100646972656,170.44566345214844,241.38233947753906,0.11253650486469269
89,154.271728515625,219.0176239013672,170.02554321289062,241.1999053955078,0.28808191418647766
90,154.13162231445312,219.01541137695312,169.59640502929688,240.75027465820312,0.27411413192749023
91,153.7104034423828,217.88412475585938,169.2084197998047,240.30075073242188,0.250122606754303
92,153.53787231445312,218.16586303710938,168.96542358398438,240.72921752929688,0.5693479180335999
92,192.3388671875,144.21437072753906,211.98391723632812,156.14976501464844,0.06159764528274536
93,153.45037841796875,217.4951934814453,168.94293212890625,240.5998992919922,0.5369528532028198
93,192.21926879882812,143.92318725585938,211.760986328125,155.51165771484375,0.06396957486867905
94,152.646728515625,217.3316650390625,168.187255859375,240.379638671875,0.5889266729354858
94,191.8448486328125,143.94671630859375,211.2623291015625,155.58740234375,0.05447488650679588
95,152.67662048339844,217.4425506591797,168.2565155029297,240.3258514404297,0.6480661034584045
96,152.262939453125,217.45053100585938,168.14077758789062,240.47933959960938,0.5713931322097778
97,151.82598876953125,217.4828338623047,167.68511962890625,240.61875915527344,0.4447086751461029
98,151.8699951171875,217.5716094970703,167.44744873046875,240.5012664794922,0.39062342047691345
99,151.27459716796875,217.91012573242188,166.90338134765625,241.29129028320312,0.5582776665687561
100,151.23471069335938,217.94815063476562,166.82107543945312,241.47024536132812,0.5723868012428284
101,150.35000610351562,219.60289001464844,165.60452270507812,241.4575653076172,0.5039452910423279
102,150.37966918945312,219.64450073242188,165.59024047851562,241.56668090820312,0.5351935625076294
103,149.7464599609375,219.6807098388672,164.96609497070312,241.36863708496094,0.5546226501464844
103,186.83016967773438,144.69381713867188,206.04757690429688,156.51953125,0.053559839725494385
104,149.03604125976562,219.74072265625,164.11056518554688,240.43313598632812,0.47946465015411377
105,148.9190216064453,219.70883178710938,164.07481384277344,240.35821533203125,0.4832408130168915
106,148.74563598632812,219.5308837890625,163.60394287109375,240.66790771484375,0.49285244941711426
107,148.58773803710938,219.65414428710938,162.96749877929688,241.30325317382812,0.5725148320198059
108,148.51022338867188,219.61660766601562,162.64529418945312,241.33724975585938,0.5349994897842407
109,147.73336791992188,219.76083374023438,162.2830810546875,241.06094360351562,0.5693355202674866
110,147.57797241210938,219.36618041992188,161.55325317382812,240.43051147460938,0.5120559334754944
111,146.90435791015625,219.33987426757812,161.37619018554688,240.29095458984375,0.6328818202018738
112,146.58290100097656,219.3226776123047,160.9200897216797,240.19956970214844,0.601548969745636
113,146.55523681640625,219.28634643554688,160.9647216796875,240.16329956054688,0.5697750449180603
114,146.43707275390625,219.24191284179688,160.6402587890625,240.04287719726562,0.5500510931015015
115,146.40325927734375,218.9141845703125,160.716064453125,239.96405029296875,0.5890735983848572
116,146.62269592285156,218.11485290527344,160.90235900878906,239.38002014160156,0.6186365485191345
117,146.66360473632812,217.40040588378906,160.63369750976562,239.15565490722656,0.5823975801467896
118,146.43701171875,216.62481689453125,160.66738891601562,238.00244140625,0.4849222004413605
119,146.67929077148438,216.52894592285156,160.85357666015625,238.1177215576172,0.5018525123596191
120,146.91468811035156,215.73822021484375,160.97129821777344,237.42202758789062,0.40231794118881226
121,147.5030517578125,215.11312866210938,162.498046875,237.18020629882812,0.5417496562004089
122,147.66860961914062,214.4639129638672,162.34634399414062,235.40809631347656,0.47970548272132874
123,148.16513061523438,213.23049926757812,164.71365356445312,235.14450073242188,0.5179610252380371
124,148.5321807861328,212.64373779296875,164.4463653564453,233.7044677734375,0.5125572681427002
125,148.80816650390625,212.37466430664062,164.79327392578125,233.51242065429688,0.5245769023895264
126,148.90249633789062,211.41311645507812,164.90316772460938,232.89468383789062,0.5155676007270813
127,148.89120483398438,211.13644409179688,165.32693481445312,232.96585083007812,0.5069171786308289
128,148.92654418945312,210.95730590820312,165.13040161132812,232.1300048828125,0.49922218918800354
128,189.96121215820312,137.73825073242188,212.62808227539062,154.76516723632812,0.06038631498813629
129,148.9829864501953,210.94485473632812,165.1487579345703,232.08465576171875,0.4883809983730316
129,190.40206909179688,137.88458251953125,212.96725463867188,154.0809326171875,0.09254305064678192
130,149.8355255126953,210.15142822265625,165.39820861816406,231.35955810546875,0.5158676505088806
130,190.663818359375,137.87623596191406,213.04803466796875,154.07044982910156,0.08682110160589218
131,150.65631103515625,208.57351684570312,166.16796875,230.59088134765625,0.12757129967212677
131,192.04776000976562,137.19761657714844,213.897216796875,153.57276916503906,0.07982005178928375
132,151.041748046875,207.73509216308594,165.77105712890625,229.86302185058594,0.11318456381559372
132,191.85543823242188,137.38760375976562,213.24673461914062,153.70376586914062,0.07715556025505066
133,150.98300170898438,206.55838012695312,166.38668823242188,229.31851196289062,0.15658585727214813
133,193.24105834960938,136.99441528320312,215.09347534179688,152.81912231445312,0.14515742659568787
134,193.9254913330078,136.76565551757812,216.74632263183594,152.5892333984375,0.18882428109645844
134,151.60763549804688,206.2153778076172,166.90054321289062,228.75965881347656,0.12073493003845215
135,194.11093139648438,136.5134735107422,217.02444458007812,152.1584930419922,0.20438827574253082
135,196.94679260253906,135.99691772460938,214.91844177246094,150.19970703125,0.06144234910607338
136,195.28829956054688,136.105224609375,219.16851806640625,152.1954345703125,0.16884618997573853
136,198.01760864257812,135.9971923828125,215.95883178710938,150.42822265625,0.06856979429721832
137,196.70803833007812,135.6116943359375,220.427978515625,151.42474365234375,0.11604467779397964
138,196.6280517578125,135.64492797851562,220.76513671875,151.47845458984375,0.09188098460435867
141,153.66534423828125,202.73626708984375,180.860107421875,224.137939453125,0.10185487568378448
142,153.79580688476562,202.4384307861328,178.91287231445312,223.32984924316406,0.17732106149196625
143,153.8563232421875,201.97467041015625,183.2952880859375,223.00335693359375,0.21644580364227295
144,153.80502319335938,200.11395263671875,186.29257202148438,222.163330078125,0.31844136118888855
145,154.50271606445312,195.60885620117188,189.68130493164062,222.01358032226562,0.21854808926582336
145,154.2760009765625,184.59689331054688,191.84722900390625,221.81771850585938,0.1080680564045906
146,154.4736328125,198.0614013671875,187.5980224609375,222.46966552734375,0.25146302580833435
146,154.21978759765625,185.23092651367188,191.75497436523438,222.34896850585938,0.0738552138209343
147,154.56524658203125,193.71820068359375,190.19744873046875,221.5001220703125,0.2913380265235901
147,154.31301879882812,183.79957580566406,192.01776123046875,221.30198669433594,0.18466618657112122
148,154.75308227539062,193.67730712890625,189.96627807617188,221.315185546875,0.3152776062488556
148,154.45401000976562,184.44976806640625,191.95925903320312,221.15316772460938,0.22797970473766327
149,154.93792724609375,192.77883911132812,190.16094970703125,220.61917114257812,0.36537396907806396
150,155.0467529296875,194.57919311523438,190.0557861328125,220.559326171875,0.3826344311237335
150,154.73928833007812,184.82318115234375,192.26541137695312,220.4443359375,0.2811640202999115
151,155.77023315429688,196.296630859375,188.63552856445312,220.722412109375,0.3823245167732239
151,155.2334442138672,186.56353759765625,191.93165588378906,220.70050048828125,0.23258432745933533
152,155.84231567382812,197.89434814453125,180.39218139648438,220.68798828125,0.538663387298584
152,155.33148193359375,191.65310668945312,192.6458740234375,220.97567749023438,0.19108758866786957
153,155.86326599121094,197.16146850585938,179.88587951660156,220.17385864257812,0.6082745790481567
153,155.3028564453125,191.48483276367188,192.61322021484375,220.52670288085938,0.19305382668972015
154,155.9453125,196.88290405273438,178.5718994140625,219.52175903320312,0.6612362265586853
154,155.23687744140625,192.14254760742188,193.670654296875,219.89730834960938,0.15349966287612915
155,156.01669311523438,196.42039489746094,181.08456420898438,219.4998321533203,0.6864752173423767
155,155.41757202148438,191.14950561523438,194.01638793945312,219.77169799804688,0.28875306248664856
156,155.99635314941406,196.25631713867188,182.6787872314453,218.99081420898438,0.6845019459724426
156,155.4042510986328,190.47296142578125,193.64173889160156,219.24032592773438,0.3454224169254303
157,156.09988403320312,196.07998657226562,180.70053100585938,219.0732421875,0.696878969669342
157,155.4492950439453,189.24844360351562,192.6719207763672,219.34286499023438,0.29091811180114746
158,156.1488037109375,195.7005615234375,183.40560913085938,218.47119140625,0.6782065629959106
158,155.52993774414062,188.45263671875,192.95596313476562,218.66146850585938,0.39814451336860657
159,156.22760009765625,195.0497589111328,184.95242309570312,217.64952087402344,0.6339530944824219
159,155.671630859375,185.75381469726562,193.05520629882812,217.64303588867188,0.3792347013950348
160,156.4423828125,194.34451293945312,186.49899291992188,216.90432739257812,0.6680943369865417
160,155.97027587890625,185.65333557128906,193.74462890625,216.7261505126953,0.3628986179828644
161,156.15647888183594,194.98919677734375,175.97935485839844,216.47616577148438,0.6031308770179749
161,155.18289184570312,190.07098388671875,183.49526977539062,217.6212158203125,0.06862773001194
162,156.2437744140625,194.35836791992188,177.05282592773438,216.25186157226562,0.5768953561782837
162,155.2914276123047,189.38214111328125,184.2823028564453,217.23178100585938,0.09024987369775772
163,156.33935546875,194.007568359375,177.87014770507812,216.277099609375,0.588672399520874
163,155.4285888671875,188.92140197753906,184.8494873046875,217.28407287597656,0.10788802057504654
164,156.69964599609375,192.59197998046875,179.66558837890625,215.6988525390625,0.556646466255188
164,155.8380126953125,188.07763671875,185.9716796875,216.18463134765625,0.1590191125869751
165,156.60411071777344,192.73489379882812,176.29664611816406,215.4705810546875,0.6121959686279297
165,155.587890625,188.259521484375,185.38412475585938,215.85067749023438,0.094272181391716
166,156.5819091796875,192.9440460205078,177.81744384765625,215.18629455566406,0.5532679557800293
166,155.57656860351562,188.56614685058594,185.49948120117188,215.43211364746094,0.09926221519708633
167,156.66555786132812,192.36293029785156,178.5333251953125,215.15196228027344,0.5618011355400085
167,155.74148559570312,188.00027465820312,185.472412109375,215.37631225585938,0.12081824243068695
168,156.60531616210938,192.50112915039062,175.38433837890625,214.84732055664062,0.4786527156829834
169,156.47537231445312,191.12753295898438,176.58779907226562,213.58926391601562,0.34035658836364746
170,156.64749145507812,190.69589233398438,179.4127197265625,213.0894775390625,0.27205854654312134
170,155.85569763183594,184.8470458984375,190.5672149658203,212.6226806640625,0.0561629980802536
171,156.954345703125,186.93252563476562,189.36434936523438,213.19369506835938,0.2524608075618744
171,156.298095703125,176.84347534179688,190.99169921875,213.37722778320312,0.05568133667111397
172,156.90904235839844,189.8267364501953,184.8460235595703,212.99354553222656,0.18687503039836884
172,156.26080322265625,185.50827026367188,189.99981689453125,212.70761108398438,0.1101536676287651
173,156.51963806152344,190.18527221679688,173.83518981933594,212.54287719726562,0.2073349952697754
174,156.5576629638672,189.06166076660156,179.32521057128906,212.51341247558594,0.1173345297574997
175,156.67938232421875,186.2730712890625,187.10089111328125,212.07293701171875,0.21333909034729004
176,156.85585021972656,187.0341033935547,185.45021057128906,211.2726287841797,0.19480185210704803
177,156.81776428222656,187.48995971679688,181.1097869873047,211.20901489257812,0.2273542284965515
178,156.95556640625,187.45440673828125,173.6759033203125,210.17428588867188,0.32617849111557007
179,157.27200317382812,186.50057983398438,180.68569946289062,209.73709106445312,0.32996970415115356
180,157.42172241210938,185.55819702148438,181.16033935546875,208.93496704101562,0.2746407985687256
181,327.18426513671875,380.6612548828125,348.01812744140625,392.0655517578125,0.16481219232082367
181,157.8643798828125,185.5100860595703,174.6492919921875,208.67515563964844,0.15779870748519897
182,157.726806640625,185.6298828125,174.1763916015625,208.70172119140625,0.21743211150169373
182,327.50006103515625,380.39984130859375,348.02154541015625,392.05206298828125,0.07138486206531525
183,158.12490844726562,185.07351684570312,176.31124877929688,207.79959106445312,0.23036664724349976
183,327.96417236328125,379.8946228027344,347.68841552734375,392.0328674316406,0.07501385360956192
184,158.19720458984375,184.4324951171875,176.2100830078125,207.10906982421875,0.12832659482955933
185,158.43777465820312,183.13372802734375,176.96209716796875,206.14483642578125,0.25824952125549316
185,157.49990844726562,181.62493896484375,192.16915893554688,206.96807861328125,0.051388587802648544
186,158.57656860351562,181.99468994140625,179.84286499023438,205.71578979492188,0.3105494976043701
186,157.82025146484375,178.96267700195312,192.1531982421875,205.77621459960938,0.09483223408460617
187,158.689208984375,180.3760986328125,184.8603515625,204.6607666015625,0.3991895616054535
187,158.16690063476562,175.34182739257812,192.50234985351562,204.56417846679688,0.23675033450126648
188,159.05865478515625,177.3506622314453,191.3380126953125,203.3097381591797,0.6188388466835022
189,159.33187866210938,177.98757934570312,191.53939819335938,203.28305053710938,0.5872632265090942
190,159.85012817382812,177.0447998046875,193.29605102539062,202.80792236328125,0.45206448435783386
191,160.19052124023438,179.86334228515625,181.26052856445312,202.54397583007812,0.4470840096473694
191,159.9688720703125,177.00680541992188,190.99139404296875,202.44610595703125,0.07075309753417969
192,160.41525268554688,178.78262329101562,182.45578002929688,202.90402221679688,0.3799397647380829
192,160.29592895507812,175.4193115234375,192.31851196289062,202.87847900390625,0.08973826467990875
193,160.5101776123047,178.29476928710938,184.29136657714844,201.44265747070312,0.23679962754249573
193,160.3860321044922,174.99427795410156,192.16712951660156,201.26084899902344,0.0857807919383049
194,161.20516967773438,178.98114013671875,184.30648803710938,200.39630126953125,0.20056763291358948
195,162.45953369140625,178.37612915039062,187.3360595703125,200.36679077148438,0.2772029936313629
196,163.54696655273438,176.45669555664062,193.33328247070312,199.08966064453125,0.15637896955013275
197,164.58523559570312,173.8006134033203,192.64523315429688,197.80213928222656,0.19153514504432678
198,164.86489868164062,174.95367431640625,191.49343872070312,198.11798095703125,0.36833322048187256
199,166.02554321289062,174.00967407226562,192.59359741210938,197.53854370117188,0.22911688685417175
200,166.61056518554688,172.58358764648438,196.90042114257812,196.92160034179688,0.25357550382614136
201,167.536865234375,174.24819946289062,185.65087890625,196.7293701171875,0.4042297303676605
201,166.19723510742188,170.98455810546875,189.17190551757812,197.457275390625,0.11830750852823257
202,167.7856903076172,172.88299560546875,189.94078063964844,196.27349853515625,0.3022651672363281
203,168.56134033203125,171.75291442871094,195.12701416015625,196.13548278808594,0.22488878667354584
203,168.54490661621094,167.1275634765625,201.9818878173828,195.68484497070312,0.06695877015590668
204,169.1796417236328,170.1522216796875,196.4081268310547,195.51861572265625,0.12296301871538162
205,169.31033325195312,172.59620666503906,188.11843872070312,195.8717803955078,0.15272849798202515
206,170.5839080810547,171.54913330078125,191.7739715576172,196.14971923828125,0.14210732281208038
207,171.72850036621094,170.51409912109375,193.20664978027344,195.24313354492188,0.1889394223690033
208,171.96987915039062,169.72291564941406,195.82986450195312,195.1841583251953,0.18085278570652008
209,172.58004760742188,169.0380096435547,197.77548217773438,195.02549743652344,0.1568613201379776
210,173.10202026367188,171.74063110351562,193.36770629882812,195.10678100585938,0.27640804648399353
211,332.26947021484375,380.36083984375,356.02105712890625,392.24072265625,0.09462466090917587
212,173.99978637695312,173.5859375,191.43508911132812,194.56610107421875,0.1839233934879303
213,174.5111083984375,173.50726318359375,191.39804077148438,194.86517333984375,0.16573679447174072
214,174.89356994628906,174.921630859375,190.8019256591797,196.10919189453125,0.40200069546699524
215,174.889404296875,174.906005859375,190.6143798828125,196.1392822265625,0.4586329758167267
216,174.90438842773438,174.90643310546875,190.5726318359375,196.2847900390625,0.48645827174186707
217,175.02743530273438,174.816162109375,190.53366088867188,196.3232421875,0.5148348212242126
218,175.09481811523438,174.84970092773438,190.435791015625,196.4100341796875,0.5219237804412842
219,175.10899353027344,174.95220947265625,190.69361877441406,196.468994140625,0.5394676923751831
220,175.16622924804688,175.81634521484375,191.24114990234375,196.79473876953125,0.5791952610015869
221,175.62692260742188,175.97906494140625,194.62741088867188,197.377197265625,0.3104783296585083
222,175.4728546142578,175.79229736328125,194.1838836669922,198.58648681640625,0.6023365259170532
223,174.67840576171875,177.36187744140625,197.36334228515625,199.07958984375,0.2514416575431824
224,173.94235229492188,177.55795288085938,197.82473754882812,199.12643432617188,0.25203707814216614
225,173.5529022216797,178.49200439453125,192.38633728027344,199.3988037109375,0.3553292155265808
226,173.22930908203125,178.67889404296875,194.9202880859375,199.93206787109375,0.24291418492794037
227,172.41482543945312,178.61660766601562,196.4100341796875,199.70217895507812,0.3396087884902954
228,172.09304809570312,179.6126708984375,195.55032348632812,200.75302124023438,0.2288900464773178
229,171.82748413085938,179.59365844726562,197.9923095703125,201.69906616210938,0.34739580750465393
230,171.10626220703125,179.89920043945312,198.94119262695312,202.43655395507812,0.6141661405563354
231,170.836181640625,181.7173309326172,190.1864013671875,203.44639587402344,0.10175163298845291
232,169.9873046875,182.20562744140625,189.27740478515625,204.27243041992188,0.09987124055624008
238,167.40948486328125,188.04541015625,187.36233520507812,212.6754150390625,0.05287928879261017
239,166.2626495361328,188.06207275390625,186.2218475341797,212.50393676757812,0.08969029039144516
240,165.852294921875,188.48834228515625,186.17117309570312,212.96826171875,0.11468077450990677
242,574.281494140625,402.0125732421875,584.0823974609375,410.705322265625,0.1165696531534195
243,573.3540649414062,400.48077392578125,584.0165405273438,410.00811767578125,0.06987279653549194
245,574.731689453125,396.4805908203125,584.0546875,408.0048828125,0.11565667390823364
249,161.05673217773438,195.6847686767578,177.91073608398438,218.25160217285156,0.0518784336745739
250,576.645263671875,391.99798583984375,584.39599609375,403.91448974609375,0.05833612009882927
252,161.13107299804688,194.39849853515625,183.98965454101562,219.9091796875,0.10253594070672989
253,161.19557189941406,195.10989379882812,183.97471618652344,220.26254272460938,0.08727598190307617
254,161.50743103027344,195.88217163085938,184.21144104003906,220.64352416992188,0.19759781658649445
255,161.48983764648438,195.517822265625,183.46127319335938,220.63302612304688,0.2963102161884308
256,161.74334716796875,195.59588623046875,183.4373779296875,220.72506713867188,0.18220607936382294
257,162.15560913085938,195.6339111328125,182.43133544921875,220.012451171875,0.3816685676574707
258,162.5185089111328,195.4784698486328,182.5867462158203,219.69313049316406,0.41454827785491943
259,162.66842651367188,194.84388732910156,182.677001953125,219.4018096923828,0.26932549476623535
260,163.89996337890625,194.81565856933594,183.64279174804688,219.27540588378906,0.19689421355724335
261,164.40052795410156,195.30978393554688,182.3594207763672,219.30300903320312,0.44026410579681396
262,165.60256958007812,194.28933715820312,183.16726684570312,218.96316528320312,0.1921691745519638
263,166.51742553710938,194.7806854248047,183.88790893554688,219.32728576660156,0.23129425942897797
264,167.83148193359375,194.4665069580078,185.416015625,219.14930725097656,0.14096151292324066
265,168.94384765625,194.87911987304688,185.94070434570312,219.31600952148438,0.22310708463191986
266,169.65878295898438,194.59622192382812,187.3724365234375,218.55172729492188,0.3223429322242737
267,170.92420959472656,193.7633819580078,188.9069366455078,217.7587127685547,0.38871997594833374
268,171.66659545898438,193.37269592285156,190.19619750976562,216.7412872314453,0.2877919375896454
269,172.41900634765625,193.30641174316406,190.66134643554688,217.9677276611328,0.0684361606836319
270,174.12228393554688,192.461181640625,192.78872680664062,216.3118896484375,0.1641508787870407
271,174.96295166015625,192.03125,195.21002197265625,216.04888916015625,0.4880612790584564
272,176.73672485351562,191.68540954589844,195.83743286132812,214.9191131591797,0.3850487470626831
273,178.25143432617188,188.98001098632812,198.1458740234375,213.54635620117188,0.6793683171272278
274,179.24295043945312,188.5634765625,198.20706176757812,212.94158935546875,0.6294823884963989
275,179.85723876953125,187.94232177734375,199.07275390625,212.61572265625,0.4974285960197449
276,180.339111328125,188.50523376464844,198.7996826171875,211.9348907470703,0.5481746792793274
277,182.52752685546875,187.31898498535156,199.7244873046875,211.77674865722656,0.3828517496585846
278,183.69277954101562,186.58709716796875,202.13558959960938,211.4349365234375,0.5388238430023193
279,183.9007110595703,186.39404296875,202.72923278808594,210.58578491210938,0.6315417289733887
280,184.77976989746094,186.58999633789062,203.2650604248047,210.99838256835938,0.6125727295875549
281,185.87396240234375,185.95956420898438,204.87713623046875,209.80416870117188,0.7394953966140747
282,185.7518768310547,185.82525634765625,204.8842010498047,209.258056640625,0.641205370426178
283,187.0614013671875,184.2337646484375,206.45654296875,208.2960205078125,0.441319078207016
284,187.04591369628906,184.33407592773438,206.7288360595703,207.95217895507812,0.39284148812294006
285,189.16421508789062,182.9481201171875,208.60812377929688,205.94317626953125,0.20180284976959229
286,189.3850555419922,182.67236328125,209.21485900878906,206.501220703125,0.23649582266807556
287,191.097900390625,181.67465209960938,208.64337158203125,204.79998779296875,0.39161416888237
288,191.41064453125,181.39297485351562,208.8509521484375,204.17776489257812,0.3458898365497589
289,192.67282104492188,180.33151245117188,210.45620727539062,203.22042846679688,0.4937961995601654
290,192.89190673828125,180.14028930664062,210.68634033203125,202.95797729492188,0.5362224578857422
291,194.1649627685547,179.5185546875,212.03807067871094,203.24234008789062,0.7586569786071777
292,194.34725952148438,179.18179321289062,212.36563110351562,202.67953491210938,0.6622775793075562
293,194.3624267578125,179.51641845703125,212.407470703125,202.40118408203125,0.648903489112854
294,194.42990112304688,179.663330078125,212.62155151367188,202.15032958984375,0.5224708318710327
295,194.65765380859375,179.20004272460938,212.9681396484375,201.79266357421875,0.6106785535812378
296,194.80545043945312,178.76077270507812,213.35073852539062,200.88156127929688,0.5157133936882019
297,195.28768920898438,178.26800537109375,213.20236206054688,199.85403442382812,0.647882342338562
298,195.66018676757812,177.83355712890625,213.511962890625,199.873291015625,0.6307993531227112
299,195.5587158203125,177.47561645507812,212.80816650390625,199.33865356445312,0.5170681476593018
300,195.2457275390625,176.70272827148438,210.82647705078125,198.89700317382812,0.10064121335744858
301,195.42762756347656,176.43377685546875,214.3157196044922,198.169921875,0.45312073826789856
302,195.31497192382812,176.40235900878906,214.37640380859375,197.10215759277344,0.3228476047515869
303,196.09988403320312,175.120849609375,214.5064697265625,197.7401123046875,0.26335105299949646
304,196.72401428222656,174.1242218017578,214.9123077392578,196.77781677246094,0.5426252484321594
304,195.42129516601562,172.19775390625,212.57540893554688,199.929931640625,0.11189116537570953
305,197.08816528320312,173.37139892578125,214.45272827148438,196.601318359375,0.4465986490249634
305,195.3563232421875,171.9730224609375,212.34552001953125,199.32855224609375,0.1974036693572998
306,197.55091857910156,172.22573852539062,213.9601287841797,195.75076293945312,0.3964816927909851
307,197.53948974609375,171.60763549804688,213.6138916015625,195.48867797851562,0.49198466539382935
308,195.65792846679688,170.97691345214844,212.302734375,197.15309143066406,0.40820881724357605
308,198.210693359375,171.9615020751953,216.02896118164062,195.72068786621094,0.05256342515349388
309,197.45172119140625,171.31130981445312,213.66497802734375,195.51565551757812,0.4439519941806793
310,197.45236206054688,171.51559448242188,213.34487915039062,195.55560302734375,0.47515806555747986
311,196.7797393798828,171.38914489746094,213.34681701660156,195.5208282470703,0.5673452615737915
312,196.31309509277344,171.35096740722656,213.2571563720703,195.44676208496094,0.5882673263549805
313,195.89222717285156,171.49107360839844,213.43641662597656,195.44676208496094,0.5832042694091797
314,195.07815551757812,171.81179809570312,213.05361938476562,195.62142944335938,0.6271892189979553
315,194.90609741210938,171.45947265625,212.5206298828125,195.7579345703125,0.5822519659996033
316,194.28553771972656,171.326416015625,211.33433532714844,195.2857666015625,0.6682482957839966
317,193.82684326171875,172.13055419921875,210.7564697265625,195.56494140625,0.6432734131813049
318,192.71783447265625,171.37628173828125,208.52886962890625,195.6168212890625,0.6194326877593994
319,191.63082885742188,171.41986083984375,208.1251220703125,195.4674072265625,0.5581790208816528
320,190.90855407714844,172.5526123046875,207.58518981933594,196.0054931640625,0.5302286744117737
321,190.04525756835938,174.15823364257812,207.39187622070312,195.65957641601562,0.44266846776008606
322,189.02337646484375,174.12652587890625,206.87432861328125,195.520263671875,0.49150216579437256
323,188.5242919921875,173.99411010742188,206.725830078125,195.74462890625,0.40667855739593506
324,187.97091674804688,174.22073364257812,205.68539428710938,195.78402709960938,0.4162679612636566
325,187.10928344726562,174.162353515625,205.35171508789062,195.84780883789062,0.4122912883758545
326,186.5526123046875,174.437744140625,203.66891479492188,196.65237426757812,0.1563350111246109
327,185.9439697265625,174.01953125,203.470703125,197.47271728515625,0.10102355480194092
331,182.60153198242188,174.81666564941406,199.15695190429688,196.62608337402344,0.1514800488948822
332,181.8757781982422,175.43263244628906,199.4492950439453,196.77735900878906,0.15392133593559265
333,180.6416778564453,175.9049072265625,199.3047332763672,197.6986083984375,0.4828830659389496
334,180.10263061523438,175.7933349609375,197.90359497070312,197.81622314453125,0.43573933839797974
335,179.89215087890625,176.28985595703125,197.961181640625,197.6864013671875,0.47388023138046265
336,179.96017456054688,176.70941162109375,197.850830078125,198.37319946289062,0.3212454915046692
337,179.59739685058594,177.0529022216797,196.9671173095703,198.90577697753906,0.450359046459198
338,179.0928955078125,177.63613891601562,196.74172973632812,198.56240844726562,0.09658569097518921
339,178.74618530273438,177.64016723632812,196.42324829101562,199.85311889648438,0.2421707808971405
340,178.45135498046875,177.96780395507812,196.264892578125,199.8114013671875,0.16408421099185944
341,176.52969360351562,178.09959411621094,195.80880737304688,201.2844696044922,0.2767457962036133
342,176.6773681640625,178.38931274414062,195.5877685546875,201.26467895507812,0.22101235389709473
343,176.3430938720703,178.83920288085938,195.69956970214844,201.0699462890625,0.2595751881599426
344,176.1268310546875,179.344970703125,194.41580200195312,201.74246215820312,0.27249059081077576
345,176.09280395507812,179.10470581054688,194.49252319335938,201.85116577148438,0.3136962652206421
346,175.45828247070312,179.56622314453125,194.51699829101562,202.35687255859375,0.0943601205945015
347,175.77490234375,180.0272216796875,193.78823852539062,201.93377685546875,0.56156986951828
348,175.49411010742188,180.52197265625,192.85971069335938,202.5784912109375,0.5250517129898071
349,175.630859375,180.59017944335938,192.5640869140625,203.06423950195312,0.5083619952201843
350,175.35903930664062,180.6045684814453,192.79232788085938,202.8613739013672,0.4994420111179352
351,175.38436889648438,181.23208618164062,193.12039184570312,203.3724365234375,0.47787031531333923
352,175.31585693359375,181.25474548339844,193.0882568359375,203.41734313964844,0.46727705001831055
352,802.2696533203125,439.99029541015625,817.2637939453125,449.93096923828125,0.06421349197626114
353,175.29098510742188,181.8136749267578,191.69290161132812,204.4053192138672,0.4176042973995209
354,175.0738525390625,182.11477661132812,192.24505615234375,205.02792358398438,0.28509634733200073
355,174.9959716796875,182.11825561523438,191.61053466796875,205.13674926757812,0.11030945926904678
355,800.074951171875,437.7674560546875,817.142333984375,448.23394775390625,0.06338553130626678
356,799.936767578125,437.4639892578125,817.115966796875,447.45849609375,0.2931532561779022
356,174.56045532226562,182.4210205078125,191.54904174804688,205.35354614257812,0.2390609085559845
357,174.36672973632812,182.46946716308594,191.69949340820312,205.5852813720703,0.3463033139705658
357,799.8449096679688,437.56396484375,816.6030883789062,447.6527099609375,0.2585656940937042
358,174.19276428222656,182.4371337890625,191.58766174316406,205.58038330078125,0.38451752066612244
358,799.900146484375,437.46453857421875,816.2584228515625,447.19012451171875,0.25132250785827637
359,174.27015686035156,183.42037963867188,191.6998748779297,205.85397338867188,0.48195478320121765
359,800.286376953125,437.4499816894531,816.3270263671875,447.5735778808594,0.40712884068489075
360,174.36618041992188,183.25115966796875,191.61593627929688,206.16714477539062,0.5228769779205322
360,801.1016235351562,436.99365234375,817.1367797851562,446.98052978515625,0.25099220871925354
361,173.14166259765625,184.13597106933594,191.1463623046875,206.5229034423828,0.1849394589662552
362,173.2890625,184.33285522460938,191.44708251953125,206.74002075195312,0.17245087027549744
363,173.07986450195312,184.63275146484375,191.03195190429688,206.91455078125,0.05144558846950531
365,172.95297241210938,184.8240966796875,191.37112426757812,207.95553588867188,0.08767690509557724
366,173.06857299804688,184.3824005126953,191.47232055664062,207.51930236816406,0.13137158751487732
367,173.02328491210938,184.21621704101562,191.31854248046875,206.89309692382812,0.10944216698408127
368,173.04429626464844,184.30145263671875,191.2997589111328,207.22213745117188,0.15212330222129822
369,173.0644989013672,184.34091186523438,191.3892059326172,207.14877319335938,0.1622278094291687
370,174.38014221191406,184.25247192382812,192.5844268798828,206.88272094726562,0.12773112952709198
377,178.68191528320312,181.6525421142578,197.50076293945312,204.30320739746094,0.12778383493423462
378,179.25863647460938,180.90919494628906,198.41476440429688,204.2471160888672,0.2473137080669403
379,180.29635620117188,180.77740478515625,199.06546020507812,203.97152709960938,0.2941966652870178
380,180.65695190429688,180.8684539794922,198.71771240234375,203.07994079589844,0.13632254302501678
381,180.82742309570312,180.57278442382812,201.58114624023438,203.08621215820312,0.05657276511192322
385,183.88516235351562,180.2537841796875,204.1953125,202.2637939453125,0.07575034350156784
386,184.70162963867188,179.79251098632812,204.7757568359375,201.90573120117188,0.08844678848981857
387,185.17584228515625,179.55807495117188,205.1143798828125,201.65963745117188,0.16892269253730774
388,185.47308349609375,179.45742797851562,205.35897827148438,201.62966918945312,0.17248918116092682
389,185.42662048339844,180.07879638671875,205.1780548095703,202.52532958984375,0.05627429112792015
390,185.84039306640625,179.32272338867188,205.9710693359375,202.29830932617188,0.06752864271402359
391,187.17129516601562,180.45211791992188,205.37741088867188,203.373046875,0.06243729963898659
393,326.68707275390625,219.70028686523438,335.47967529296875,235.78347778320312,0.05144860967993736
394,326.66937255859375,219.7689208984375,335.465576171875,235.99920654296875,0.05676550418138504
395,326.6694641113281,219.6800537109375,335.3893127441406,235.988037109375,0.05580364167690277
396,326.61395263671875,220.1145782470703,335.40533447265625,236.23143005371094,0.07998333126306534
397,187.45445251464844,180.74505615234375,203.39015197753906,204.47390747070312,0.11782713979482651
397,326.5648193359375,219.96136474609375,335.3929443359375,236.38665771484375,0.06089068204164505
401,186.23902893066406,181.74664306640625,203.87681579589844,204.88601684570312,0.3977586030960083
402,186.0028839111328,181.7037811279297,203.53541564941406,205.19190979003906,0.4030086100101471
403,185.92642211914062,181.81163024902344,202.25711059570312,205.61692810058594,0.20775166153907776
406,184.42034912109375,183.29824829101562,203.6331787109375,206.19931030273438,0.06371047347784042
417,321.42327880859375,220.755126953125,331.3438720703125,235.98605346679688,0.05616840720176697
419,320.7069091796875,221.11903381347656,330.2841796875,236.1171112060547,0.06756357103586197
420,320.6512451171875,221.20372009277344,330.1329345703125,236.1751251220703,0.08082062005996704
431,187.29180908203125,189.0372314453125,205.6168212890625,211.55368041992188,0.11097418516874313
435,323.92889404296875,216.7774658203125,351.09918212890625,235.4908447265625,0.05012465640902519
443,193.14486694335938,187.287109375,211.62216186523438,209.74725341796875,0.0922033041715622
444,193.2181396484375,187.27340698242188,211.7568359375,209.69644165039062,0.14900940656661987
445,193.3542938232422,187.64584350585938,211.8745574951172,209.6170654296875,0.1231333315372467
446,193.63015747070312,187.99569702148438,211.92752075195312,209.88229370117188,0.08051946759223938
448,193.43783569335938,188.55404663085938,212.02389526367188,210.17550659179688,0.055301956832408905
449,193.3018341064453,187.57644653320312,213.1105194091797,211.14077758789062,0.15437383949756622
450,193.59933471679688,187.51388549804688,213.33956909179688,210.71414184570312,0.15522153675556183
451,194.66299438476562,187.84878540039062,213.24551391601562,210.19476318359375,0.07548679411411285
453,194.63397216796875,188.6909637451172,212.33123779296875,210.7639923095703,0.12845833599567413
454,193.97238159179688,188.91543579101562,210.73785400390625,210.81008911132812,0.12960313260555267
455,193.97579956054688,188.53103637695312,211.54660034179688,211.18606567382812,0.16654762625694275
456,193.4112548828125,188.44937133789062,210.96319580078125,211.43209838867188,0.11880183219909668
